2.456310749053955,602.3409423828125,2.0324203968048096,242.29019165039062,0.049388475716114044,8978943,-1
2.8081881999969482,576.483642578125,3.310708999633789,260.20245361328125,0.017060214653611183,10814463,-1
3.8853540420532227,381.3920593261719,1.9739326238632202,296.764892578125,0.01609792560338974,6816255,-1
4.919008255004883,408.8739318847656,1.8021043539047241,261.31622314453125,0.029613211750984192,262655,-1
4.919008255004883,408.8739318847656,1.8021043539047241,297.76025390625,0.029613211750984192,262655,-1
5.1657490730285645,588.3406372070312,1.9570497274398804,70.66973876953125,0.022085759788751602,6226431,-1
7.563687801361084,407.07061767578125,2.304882764816284,285.24237060546875,0.02196718007326126,1311487,-1
7.886032581329346,577.26220703125,5.8622260093688965,261.0157470703125,0.02460790053009987,2032384,-1
8.6455078125,570.1895751953125,3.8476314544677734,252.7543487548828,0.017099488526582718,4980992,-1
9.462735176086426,580.3733520507812,2.217296600341797,16.836822509765625,0.01620565354824066,15270399,-1
9.462735176086426,580.3733520507812,2.217296600341797,83.88504028320312,0.01620565354824066,15270399,-1
9.596048355102539,617.3976440429688,3.521714925765991,249.6688232421875,0.037714265286922455,15270911,-1
10.081450462341309,411.0729675292969,3.1443097591400146,276.7418212890625,0.02179650403559208,7078911,-1
10.183591842651367,573.9376220703125,2.4800755977630615,253.49327087402344,0.021869339048862457,6619903,-1
11.101088523864746,598.9244384765625,1.8388022184371948,242.5040283203125,0.04195178672671318,1704447,-1
11.488195419311523,606.5294799804688,1.9332135915756226,21.044769287109375,0.02469215914607048,5308927,-1
13.03313159942627,614.3098754882812,1.9328539371490479,75.54623413085938,0.03285736218094826,5308927,-1
13.138495445251465,598.9802856445312,3.1243691444396973,247.00587463378906,0.04603995382785797,6620159,-1
13.919377326965332,388.4424743652344,1.9214438199996948,298.62945556640625,0.02164416015148163,4915711,-1
14.365920066833496,578.0726318359375,2.943969488143921,22.608673095703125,0.02422402799129486,2294783,-1
14.597463607788086,616.4635620117188,2.207475423812866,72.22918701171875,0.035088423639535904,14942719,-1
15.267592430114746,336.6631164550781,1.8008784055709839,301.63604736328125,0.01676357537508011,197119,-1
16.1005859375,611.9906005859375,3.049938917160034,65.88107299804688,0.038539640605449677,4850687,-1
16.120899200439453,412.2309875488281,3.107104778289795,274.119384765625,0.01678062602877617,6226943,-1
16.614540100097656,606.1946411132812,2.0923447608947754,189.2855682373047,0.028696563094854355,11076095,-1
16.809314727783203,615.494384765625,2.199119806289673,68.7142333984375,0.035267654806375504,14680575,-1
18.322246551513672,417.05841064453125,2.281416654586792,108.99095153808594,0.020314441993832588,590591,-1
18.322246551513672,417.05841064453125,2.281416654586792,279.79083251953125,0.020314441993832588,590591,-1
18.41725730895996,391.6577453613281,1.8501805067062378,315.6255798339844,0.01832815445959568,2163199,-1
18.571773529052734,594.4869384765625,3.547231435775757,212.238525390625,0.04238453134894371,15795199,-1
18.571773529052734,594.4869384765625,3.547231435775757,291.9451904296875,0.04238453134894371,15795199,-1
19.27646827697754,403.98944091796875,2.711333751678467,230.6509246826172,0.015280002728104591,13107967,-1
19.304149627685547,414.6667175292969,6.9187445640563965,271.2442626953125,0.019145553931593895,14025472,-1
19.419055938720703,409.30181884765625,2.3632142543792725,278.3773193359375,0.017327580600976944,3146495,-1
19.90904998779297,614.0850830078125,2.774294137954712,68.39892578125,0.03509006276726723,14746367,-1
21.243118286132812,610.583251953125,2.1094460487365723,74.213134765625,0.029156018048524857,11665919,-1
21.62023162841797,417.3480529785156,3.2842376232147217,356.6129150390625,0.015758860856294632,10224639,-1
21.778257369995117,581.7117919921875,4.276437759399414,69.00128173828125,0.017813436686992645,12648704,-1
22.10114097595215,595.1082763671875,2.003425121307373,244.0437469482422,0.05380008742213249,7930367,-1
22.93128204345703,421.15911865234375,2.669570207595825,321.7005920410156,0.01850474439561367,11928319,-1
23.389623641967773,413.27044677734375,3.222424268722534,279.63531494140625,0.016094043850898743,8848383,-1
25.205190658569336,413.1069641113281,2.039415121078491,279.5335693359375,0.01953870803117752,9175551,-1
25.34724235534668,460.67071533203125,2.4513866901397705,80.88162231445312,0.016921933740377426,5767935,-1
25.968250274658203,593.6595458984375,2.051100730895996,253.8065643310547,0.04141509160399437,9634303,-1
27.12730598449707,418.1361083984375,4.108702182769775,259.09600830078125,0.030526962131261826,9699584,-1
28.894563674926758,609.6519775390625,3.410707473754883,249.26904296875,0.03616359829902649,12977151,-1
29.02216911315918,413.3927001953125,1.960770606994629,283.0206298828125,0.030919397249817848,6357503,-1
30.288410186767578,599.1879272460938,1.8057526350021362,26.85931396484375,0.024949295446276665,393727,-1
31.73043441772461,592.1799926757812,3.075331211090088,245.40892028808594,0.045442134141922,5506047,-1
32.847110748291016,561.8746948242188,3.948976516723633,249.91319274902344,0.01472044363617897,6881536,-1
33.61017608642578,471.58489990234375,2.1226584911346436,98.4495849609375,0.02519231103360653,12059135,-1
33.61017608642578,471.58489990234375,2.1226584911346436,305.6535339355469,0.02519231103360653,12059135,-1
34.61665344238281,604.5484008789062,3.0724194049835205,66.03265380859375,0.0366109162569046,5440511,-1
36.99882888793945,587.7418212890625,3.4632625579833984,212.18218994140625,0.041772980242967606,14091263,-1
37.02007293701172,410.80523681640625,1.9171698093414307,202.04928588867188,0.028878502547740936,4719103,-1
37.91897964477539,362.5608825683594,2.477323532104492,125.80886840820312,0.024008620530366898,6554367,-1
38.03114318847656,420.3474426269531,2.199796199798584,251.29547119140625,0.017580369487404823,14680575,-1
38.57646179199219,576.8215942382812,1.8262451887130737,70.75433349609375,0.028635814785957336,1180159,-1
38.68241500854492,606.539794921875,2.60884428024292,67.49459838867188,0.03278691694140434,10289919,-1
39.65053939819336,603.5096435546875,1.9435787200927734,73.21524047851562,0.02904629521071911,5702143,-1
40.55223083496094,605.9451904296875,2.122728109359741,71.52520751953125,0.03248017653822899,12124671,-1
40.94507598876953,412.4394836425781,3.5705173015594482,282.5942077636719,0.03480258211493492,16253951,-1
41.201663970947266,469.9376525878906,1.8804295063018799,275.1302490234375,0.01957041770219803,3342847,-1
42.19875717163086,588.7147827148438,3.4162697792053223,247.78079223632812,0.047957893460989,13108223,-1
44.33067321777344,565.3875732421875,1.9106085300445557,88.07315063476562,0.025760559365153313,4456959,-1
44.33067321777344,565.3875732421875,1.9106085300445557,240.66778564453125,0.025760559365153313,4456959,-1
44.33067321777344,565.3875732421875,1.9106085300445557,350.4944763183594,0.025760559365153313,4456959,-1
45.508975982666016,583.7564086914062,2.3962278366088867,249.25119018554688,0.04256056249141693,4129535,-1
45.62744140625,421.127197265625,2.088217258453369,267.7510986328125,0.06589805334806442,10879487,-1
46.7623176574707,363.3651428222656,1.9675943851470947,310.22686767578125,0.01824469119310379,6619647,-1
46.80363845825195,602.3906860351562,3.207008123397827,239.318603515625,0.03666255995631218,8520703,-1
46.897972106933594,466.64215087890625,1.9196056127548218,91.07003784179688,0.014776360243558884,4784639,-1
47.700347900390625,408.9517822265625,2.9180171489715576,258.05126953125,0.028480447828769684,1704959,-1
49.02532958984375,423.4681091308594,3.3591458797454834,249.77499389648438,0.01823931187391281,11863039,-1
49.06705093383789,404.00848388671875,4.29955530166626,258.0870056152344,0.021306775510311127,12976384,-1
49.57868957519531,585.5868530273438,2.9511067867279053,247.13307189941406,0.0462522991001606,2491391,-1
51.351539611816406,598.0282592773438,2.872465133666992,64.315185546875,0.039408668875694275,525311,-1
54.39320373535156,581.3462524414062,3.341434955596924,212.14328002929688,0.04402222856879234,11469823,-1
55.576271057128906,404.05694580078125,2.611494779586792,261.79840087890625,0.026937702670693398,10355455,-1
55.631317138671875,599.7286376953125,2.7488255500793457,67.02374267578125,0.03796308860182762,14091007,-1
55.651161193847656,370.8838806152344,1.9072901010513306,320.72967529296875,0.02197309583425522,4325887,-1
56.85255813598633,459.04693603515625,2.8995912075042725,88.98269653320312,0.015446273609995842,1246207,-1
57.0973014831543,417.816162109375,3.0701024532318115,102.13922119140625,0.04219834506511688,5374975,-1
57.0973014831543,417.816162109375,3.0701024532318115,286.86785888671875,0.04219834506511688,5374975,-1
57.258853912353516,402.71124267578125,4.358644008636475,260.54779052734375,0.02611970528960228,14024960,-1
58.58985900878906,414.8270568847656,2.374171018600464,103.15057373046875,0.02002217434346676,3474175,-1
58.59336853027344,594.9608764648438,3.1176774501800537,72.28695678710938,0.040481582283973694,6489087,-1
59.1341438293457,582.2188720703125,3.078740119934082,220.9986114501953,0.048738908022642136,5571583,-1
59.1341438293457,582.2188720703125,3.078740119934082,248.33114624023438,0.048738908022642136,5571583,-1
59.81315612792969,554.69873046875,2.0990755558013916,276.6640930175781,0.034558191895484924,11272703,-1
63.53749084472656,595.8934326171875,2.716298818588257,229.33934020996094,0.05011964961886406,13239039,-1
63.844276428222656,599.5097045898438,2.1355345249176025,233.2723388671875,0.03230255842208862,12517887,-1
63.9766960144043,576.6439819335938,2.173297643661499,226.82958984375,0.057862211018800735,13763071,-1
65.14807891845703,404.9693298339844,2.1804356575012207,265.1207580566406,0.029173120856285095,14025215,-1
65.16807556152344,584.1649169921875,6.801913738250732,0.826995849609375,0.0495542548596859,12780288,-1
66.96382904052734,573.33154296875,3.9781627655029297,24.243316650390625,0.03738345205783844,7405824,-1
66.97183227539062,579.6826171875,3.379169464111328,1.316192626953125,0.050792526453733444,12321791,-1
67.21778106689453,417.0198059082031,1.8264055252075195,90.14837646484375,0.01918167993426323,1245695,-1
67.44800567626953,593.8621215820312,3.194140911102295,358.47314453125,0.05523217096924782,8193023,-1
71.46702575683594,402.446044921875,2.0419533252716064,261.4796142578125,0.030593013390898705,9306623,-1
71.52143096923828,470.1144104003906,2.147559881210327,261.7827453613281,0.01524295937269926,12911103,-1
71.67276763916016,596.5328979492188,3.5104050636291504,354.7964172363281,0.06290635466575623,15074303,-1
72.0833969116211,384.3020324707031,1.8733566999435425,318.3301086425781,0.020038524642586708,3080703,-1
72.20037841796875,595.7460327148438,4.249936580657959,352.3800964355469,0.06263361126184464,12189952,-1
73.31304168701172,421.8554382324219,5.076115608215332,124.8092041015625,0.014540363103151321,8323584,-1
74.46134948730469,582.1492919921875,8.139718055725098,4.05499267578125,0.07256262749433517,9044225,-1
74.6946792602539,404.0831604003906,2.3594722747802734,258.2659912109375,0.026889927685260773,3015423,-1
74.99713897705078,588.7298583984375,9.403655052185059,359.7116394042969,0.07446986436843872,2753025,-1
75.52769470214844,569.05908203125,1.9194433689117432,43.655029296875,0.026010744273662567,4784639,-1
76.15884399414062,548.400390625,3.994375228881836,254.97438049316406,0.01595543511211872,7667968,-1
76.18356323242188,598.388916015625,2.5789682865142822,245.0731201171875,0.031751107424497604,9437951,-1
76.46040344238281,398.73089599609375,6.28916597366333,260.00628662109375,0.033070728182792664,7078656,-1
76.69090270996094,400.94927978515625,2.6590347290039062,260.0972900390625,0.02552066743373871,11666175,-1
77.95721435546875,575.614013671875,2.212231397628784,172.323486328125,0.059869106858968735,15073791,-1
78.2978286743164,472.8868408203125,2.6398658752441406,97.94674682617188,0.01642560213804245,11141887,-1
78.39400482177734,594.2235107421875,2.0313258171081543,194.2705535888672,0.04186754673719406,8913407,-1
79.40022277832031,404.11920166015625,3.4645183086395264,260.7266845703125,0.026292242109775543,14091263,-1
80.4207534790039,570.8728637695312,1.9541410207748413,250.25460815429688,0.04413545876741409,6095359,-1
81.22350311279297,429.21575927734375,3.1254148483276367,122.247802734375,0.016502773389220238,6620159,-1
81.35447692871094,399.6099853515625,3.3683338165283203,259.6105651855469,0.03585390746593475,12059647,-1
81.45710754394531,546.0347290039062,4.206401824951172,256.4119873046875,0.014264482073485851,11403520,-1
81.59375,573.9536743164062,3.0543153285980225,168.42588806152344,0.053695566952228546,4981759,-1
82.70028686523438,551.9609985351562,3.9670498371124268,257.56500244140625,0.021038193255662918,7209216,-1
83.03080749511719,584.957275390625,3.689424991607666,172.7483367919922,0.049815498292446136,1966336,-1
83.1552963256836,585.1568603515625,3.432511568069458,174.3964385986328,0.0499933697283268,13435903,-1
85.96701049804688,406.7308044433594,9.978962898254395,270.4946594238281,0.025745073333382607,7078401,-1
85.97553253173828,569.6588134765625,3.047403573989868,215.38148498535156,0.039616189897060394,4850687,-1
85.97553253173828,569.6588134765625,3.047403573989868,286.93695068359375,0.039616189897060394,4850687,-1
86.73868560791016,590.0505981445312,1.9135817289352417,245.09002685546875,0.018783485516905785,4588031,-1
87.05902862548828,587.1171875,2.415799856185913,65.12515258789062,0.03997216373682022,4719359,-1
87.46746063232422,431.1284484863281,4.3169684410095215,122.49443054199219,0.015031022019684315,13304064,-1
87.96542358398438,482.6034851074219,2.12473201751709,97.57968139648438,0.02723051980137825,12190207,-1
87.96542358398438,482.6034851074219,2.12473201751709,267.655029296875,0.02723051980137825,12190207,-1
88.33110046386719,551.144287109375,1.9338840246200562,44.131561279296875,0.07174912095069885,5374463,-1
88.33110046386719,551.144287109375,1.9338840246200562,247.59552001953125,0.07174912095069885,5374463,-1
88.6929702758789,548.0486450195312,1.910068154335022,249.5688018798828,0.021663397550582886,4456959,-1
89.40650939941406,543.601318359375,3.8532092571258545,76.77328491210938,0.014937062747776508,5112064,-1
89.69550323486328,459.7785949707031,5.730161190032959,94.15957641601562,0.01356364507228136,328448,-1
90.38750457763672,570.417724609375,2.7370798587799072,248.41094970703125,0.050449032336473465,13763327,-1
90.48377990722656,478.1387634277344,4.042587757110596,90.86572265625,0.014408748596906662,8519936,-1
90.48848724365234,538.42138671875,3.5234038829803467,71.74728393554688,0.013546803966164589,15336447,-1
90.72711181640625,403.9232482910156,3.942979574203491,286.79351806640625,0.024927332997322083,6750464,-1
90.9504165649414,557.975830078125,4.660089015960693,69.85379028320312,0.01682978868484497,2097664,-1
92.1814193725586,467.27703857421875,2.0368642807006836,261.5690612792969,0.05752063915133476,9110015,-1
94.0531234741211,397.732421875,6.876445293426514,276.44061279296875,0.025370454415678978,13566720,-1
94.36940002441406,583.671875,2.96370005607605,250.26528930664062,0.04041619598865509,2819071,-1
95.57630157470703,577.1312866210938,2.4156413078308105,201.83180236816406,0.02051902934908867,4719359,-1
96.05307006835938,437.6717834472656,3.0569570064544678,118.08203125,0.014628428034484386,5047295,-1
96.67684936523438,468.8486633300781,2.671527624130249,200.1251983642578,0.015545985661447048,11993855,-1
96.70015716552734,567.8385009765625,2.438241481781006,247.31871032714844,0.04898726940155029,5374719,-1
97.20374298095703,483.30804443359375,1.9851350784301758,92.21487426757812,0.023951543495059013,7275007,-1
98.4879379272461,579.4556274414062,2.433938503265381,64.02593994140625,0.04635519161820412,5243647,-1
98.69564819335938,582.5615844726562,2.015540599822998,70.85626220703125,0.039261579513549805,8323583,-1
100.45828247070312,564.3651123046875,2.9232394695281982,214.62205505371094,0.04054199531674385,1836031,-1
100.45828247070312,564.3651123046875,2.9232394695281982,285.0224914550781,0.04054199531674385,1836031,-1
101.24700164794922,460.9859619140625,1.9704418182373047,88.610107421875,0.015549673698842525,6685183,-1
101.70169830322266,581.2210083007812,2.380676031112671,64.21279907226562,0.0403749905526638,3670783,-1
101.95577239990234,478.4283447265625,4.656280517578125,90.11734008789062,0.013432475738227367,2032128,-1
104.47905731201172,577.017822265625,2.4709510803222656,31.204376220703125,0.045861367136240005,6357759,-1
104.47905731201172,577.017822265625,2.4709510803222656,69.71005249023438,0.045861367136240005,6357759,-1
104.4912338256836,565.2013549804688,2.582519054412842,248.088134765625,0.05209481716156006,9569023,-1
104.68126678466797,580.1463012695312,1.867928385734558,72.26266479492188,0.04013229161500931,2818559,-1
107.44509887695312,469.73199462890625,7.802922248840332,93.41360473632812,0.013995629735291004,5964033,-1
108.32958984375,578.019775390625,2.9313888549804688,249.83978271484375,0.04272282123565674,2032639,-1
109.92733764648438,452.3424072265625,2.453953266143799,302.1571044921875,0.026859166100621223,5899007,-1
110.50276184082031,562.77783203125,2.345787763595581,248.71458435058594,0.04867609217762947,2622207,-1
112.05921936035156,574.1365356445312,2.3765580654144287,64.82684326171875,0.048555079847574234,3539711,-1
113.97374725341797,559.4756469726562,2.859731435775757,214.56346130371094,0.04273951053619385,197631,-1
113.97374725341797,559.4756469726562,2.859731435775757,285.2983703613281,0.04273951053619385,197631,-1
115.2300033569336,461.9042663574219,3.0899930000305176,208.55247497558594,0.015364982187747955,5833727,-1
117.93327331542969,560.2814331054688,2.527135133743286,251.77883911132812,0.05286722257733345,7996159,-1
119.10289764404297,461.0338134765625,2.2961442470550537,199.74143981933594,0.017234524711966515,1049343,-1
119.10289764404297,461.0338134765625,2.2961442470550537,329.48760986328125,0.017234524711966515,1049343,-1
119.52898406982422,536.5748901367188,2.2834982872009277,335.65478515625,0.030740713700652122,656127,-1
121.53996276855469,572.8357543945312,2.8135905265808105,247.24163818359375,0.043293267488479614,15729407,-1
121.95486450195312,413.2884521484375,2.4342496395111084,258.16009521484375,0.01626609079539776,5309183,-1
122.11634063720703,458.1274108886719,2.1324613094329834,280.8608093261719,0.027730507776141167,12452351,-1
122.2965316772461,451.1505432128906,3.412247896194458,110.75685119628906,0.015117908827960491,12977151,-1
122.47396087646484,409.3554382324219,3.317145586013794,283.1586608886719,0.01850164867937565,10945535,-1
123.49608612060547,558.002197265625,2.230994939804077,247.57485961914062,0.050116635859012604,15663615,-1
125.2616958618164,569.03662109375,2.1036078929901123,60.2919921875,0.04540466517210007,11469311,-1
126.85801696777344,554.744873046875,2.805372476577759,72.66787719726562,0.04259300231933594,15532799,-1
126.85801696777344,554.744873046875,2.805372476577759,211.66798400878906,0.04259300231933594,15532799,-1
127.72443389892578,412.64312744140625,1.9515507221221924,260.2706604003906,0.013562550768256187,6029823,-1
127.9508056640625,548.8487548828125,2.049851655960083,70.39022827148438,0.019315412268042564,9568767,-1
130.55413818359375,566.8402709960938,2.1426947116851807,74.79367065429688,0.04860302433371544,12780031,-1
130.60806274414062,544.61376953125,4.7700114250183105,50.986572265625,0.019249359145760536,3801600,-1
130.62908935546875,555.655029296875,2.438467264175415,246.66622924804688,0.05152466893196106,5440255,-1
132.7117462158203,455.5635986328125,1.9202455282211304,70.01513671875,0.0742398276925087,4850175,-1
137.1559600830078,564.359619140625,2.1847283840179443,67.68341064453125,0.04917033761739731,14156287,-1
138.39346313476562,409.09063720703125,2.4648244380950928,259.37274169921875,0.019032279029488564,6161151,-1
139.14578247070312,550.1400756835938,2.748530387878418,72.8388671875,0.04131005331873894,14091007,-1
139.14578247070312,550.1400756835938,2.748530387878418,220.10618591308594,0.04131005331873894,14091007,-1
139.29718017578125,405.97808837890625,1.9045723676681519,259.99676513671875,0.0140465022996068,4260351,-1
139.4049072265625,411.8033447265625,1.972545862197876,297.6643371582031,0.014681769534945488,6816255,-1
140.11302185058594,565.9542846679688,2.340874671936035,66.40625,0.04049450904130936,2425599,-1
141.89906311035156,542.46337890625,3.867516279220581,53.44256591796875,0.0198476854711771,5374208,-1
142.66323852539062,551.2059326171875,2.3302698135375977,247.02708435058594,0.051652222871780396,2097919,-1
145.99188232421875,563.1254272460938,2.7400474548339844,34.21234130859375,0.04199891537427902,13828863,-1
145.99188232421875,563.1254272460938,2.7400474548339844,99.07965087890625,0.04199891537427902,13828863,-1
145.99188232421875,563.1254272460938,2.7400474548339844,248.44923400878906,0.04199891537427902,13828863,-1
147.20684814453125,526.1834106445312,3.2388198375701904,255.23385620117188,0.017312340438365936,9241599,-1
147.2644805908203,462.816650390625,2.9624292850494385,117.25628662109375,0.013964170590043068,2753535,-1
147.6769256591797,549.0490112304688,2.037571907043457,248.28114318847656,0.0504627525806427,9110015,-1
148.90785217285156,559.7827758789062,1.9628313779830933,65.31094360351562,0.04698248580098152,6423039,-1
150.5599365234375,546.146240234375,2.625859498977661,70.27227783203125,0.0419449508190155,10748671,-1
150.5599365234375,546.146240234375,2.625859498977661,217.47805786132812,0.0419449508190155,10748671,-1
150.5599365234375,546.146240234375,2.625859498977661,281.7196350097656,0.0419449508190155,10748671,-1
152.04222106933594,528.8134765625,2.114837169647217,252.72750854492188,0.027746150270104408,11796991,-1
152.04222106933594,528.8134765625,2.114837169647217,342.9480895996094,0.027746150270104408,11796991,-1
152.09561157226562,561.1027221679688,2.1942756175994873,68.38836669921875,0.04293528199195862,14483967,-1
152.6799774169922,478.05511474609375,8.282191276550293,95.80865478515625,0.01854494772851467,10289409,-1
153.97349548339844,547.0792236328125,2.240846872329712,248.82269287109375,0.051307566463947296,15991295,-1
154.41111755371094,412.9490051269531,6.333371639251709,266.37762451171875,0.01918177679181099,7602944,-1
156.77108764648438,441.5491027832031,3.252427816390991,120.94648742675781,0.01432332769036293,9503743,-1
157.0791473388672,558.6699829101562,2.62557315826416,246.86866760253906,0.04414492845535278,10748671,-1
157.29965209960938,478.5143127441406,1.9853031635284424,77.94073486328125,0.021926047280430794,7275007,-1
157.29965209960938,478.5143127441406,1.9853031635284424,283.1305847167969,0.021926047280430794,7275007,-1
157.376708984375,474.4227600097656,3.0062763690948486,294.5577392578125,0.022510575130581856,3867647,-1
157.5818634033203,467.4360046386719,2.897979497909546,110.08454895019531,0.013909272849559784,1180671,-1
157.70526123046875,481.78662109375,2.559938669204712,81.96456909179688,0.017001891508698463,8913663,-1
158.8390350341797,544.96728515625,1.9361183643341064,248.67190551757812,0.049863871186971664,5439999,-1
159.76268005371094,555.5578002929688,1.9698370695114136,63.06890869140625,0.04890231043100357,6685183,-1
160.45770263671875,528.6165161132812,3.9805314540863037,217.4982452392578,0.016427630558609962,7405824,-1
160.8377227783203,531.5903930664062,6.560267925262451,70.74383544921875,0.015334684401750565,10158848,-1
161.06680297851562,411.53009033203125,3.0512375831604004,270.75189208984375,0.014610277488827705,4916223,-1
161.43235778808594,542.19873046875,2.518378496170044,68.9344482421875,0.04164264723658562,7734015,-1
161.43235778808594,542.19873046875,2.518378496170044,214.52859497070312,0.04164264723658562,7734015,-1
161.43235778808594,542.19873046875,2.518378496170044,281.1125183105469,0.04164264723658562,7734015,-1
162.6053924560547,556.9335327148438,2.040858745574951,65.4007568359375,0.04334340617060661,9241087,-1
162.6053924560547,556.9335327148438,2.040858745574951,250.1254119873047,0.04334340617060661,9241087,-1
164.7494659423828,543.02783203125,2.0659029483795166,247.44561767578125,0.05277964100241661,10158591,-1
167.12493896484375,405.44873046875,2.922811269760132,257.4402160644531,0.03084917739033699,1836031,-1
167.7698211669922,554.5144653320312,2.599846124649048,249.02981567382812,0.04337389022111893,10027775,-1
169.34104919433594,541.1774291992188,1.9349273443222046,249.30746459960938,0.04937407374382019,5374463,-1
170.3722381591797,551.4099731445312,1.883673071861267,66.81591796875,0.04776756092905998,3473919,-1
171.2402801513672,526.4458618164062,8.420708656311035,61.180450439453125,0.014398879371583462,11469057,-1
171.6045684814453,530.220458984375,4.772866249084473,66.56192016601562,0.015534402802586555,3867136,-1
171.85157775878906,538.475830078125,2.5054547786712646,220.82211303710938,0.04070773348212242,7340799,-1
174.3585968017578,473.1714172363281,3.139145612716675,107.16265869140625,0.014601665548980236,6947839,-1
175.02490234375,539.4298706054688,2.1030032634735107,250.8079833984375,0.05007566511631012,11403775,-1
175.2506866455078,481.884765625,4.10992431640625,103.35665893554688,0.024340663105249405,9765120,-1
175.87100219726562,568.4818725585938,2.565368890762329,142.42831420898438,0.017576800659298897,9110271,-1
176.22280883789062,467.7657470703125,8.983599662780762,111.14935302734375,0.014759308658540249,16187649,-1
176.53245544433594,554.3289794921875,2.1066439151763916,251.04417419433594,0.013535715639591217,11534847,-1
176.85987854003906,564.5531616210938,3.1794626712799072,148.1132354736328,0.01644762046635151,7865343,-1
177.80355834960938,550.55078125,2.544337272644043,96.37530517578125,0.04170415550470352,8454911,-1
177.80355834960938,550.55078125,2.544337272644043,248.8529052734375,0.04170415550470352,8454911,-1
181.6534423828125,534.9503173828125,2.4185357093811035,222.2421112060547,0.04172687232494354,4784895,-1
181.6534423828125,534.9503173828125,2.4185357093811035,277.8267517089844,0.04172687232494354,4784895,-1
182.5916748046875,406.6002197265625,1.8555376529693604,290.0936279296875,0.01965009979903698,2359807,-1
182.6794891357422,549.0069580078125,1.8353317975997925,66.9837646484375,0.04103270545601845,1573375,-1
184.1820526123047,482.897216796875,2.448399066925049,281.5498962402344,0.025701213628053665,5702399,-1
186.91793823242188,568.644775390625,13.435629844665527,266.9661865234375,0.02565041184425354,11862785,-1
187.49620056152344,546.8531494140625,2.403158664703369,250.2364044189453,0.04040834680199623,4326143,-1
188.25746154785156,478.1802978515625,2.5040109157562256,106.89979553222656,0.013367454521358013,7340799,-1
191.18939208984375,531.5763549804688,2.3491623401641846,223.75502014160156,0.040288764983415604,2687743,-1
191.18939208984375,531.5763549804688,2.3491623401641846,276.7698974609375,0.040288764983415604,2687743,-1
195.81784057617188,475.3775329589844,6.950655460357666,102.5296630859375,0.016722219064831734,14353152,-1
195.83743286132812,479.02301025390625,3.3197216987609863,100.55596923828125,0.014479022473096848,11011071,-1
196.0467987060547,404.601806640625,2.4783217906951904,265.8130187988281,0.031249452382326126,6554367,-1
196.6293487548828,515.5364990234375,2.9787278175354004,52.1356201171875,0.027312546968460083,3146751,-1
196.6293487548828,515.5364990234375,2.9787278175354004,250.1510009765625,0.027312546968460083,3146751,-1
196.6293487548828,515.5364990234375,2.9787278175354004,353.1392517089844,0.027312546968460083,3146751,-1
197.25518798828125,561.406005859375,1.9433565139770508,271.3234558105469,0.016128595918416977,5702143,-1
197.95394897460938,520.2026977539062,1.9858192205429077,4.521148681640625,0.07837408035993576,7275007,-1
197.95394897460938,520.2026977539062,1.9858192205429077,200.13909912109375,0.07837408035993576,7275007,-1
200.0795440673828,528.4071044921875,2.2509992122650146,69.75057983398438,0.04052876681089401,16318975,-1
200.0795440673828,528.4071044921875,2.2509992122650146,222.30162048339844,0.04052876681089401,16318975,-1
200.0795440673828,528.4071044921875,2.2509992122650146,278.25738525390625,0.04052876681089401,16318975,-1
205.34547424316406,539.932373046875,2.3163869380950928,45.773590087890625,0.038058966398239136,1704703,-1
205.34547424316406,539.932373046875,2.3163869380950928,90.83511352539062,0.038058966398239136,1704703,-1
205.34547424316406,539.932373046875,2.3163869380950928,246.98809814453125,0.038058966398239136,1704703,-1
206.8898162841797,402.9073181152344,3.2448723316192627,261.3302001953125,0.029810748994350433,9372671,-1
208.5917510986328,525.3954467773438,2.225151777267456,70.0352783203125,0.038940586149692535,15532543,-1
208.5917510986328,525.3954467773438,2.225151777267456,223.0545654296875,0.038940586149692535,15532543,-1
208.5917510986328,525.3954467773438,2.225151777267456,252.3792266845703,0.038940586149692535,15532543,-1
208.5917510986328,525.3954467773438,2.225151777267456,276.6971435546875,0.038940586149692535,15532543,-1
209.41896057128906,395.42095947265625,8.830336570739746,259.68157958984375,0.025747457519173622,14942465,-1
209.93458557128906,538.468505859375,1.8345075845718384,66.39981079101562,0.039185695350170135,1507839,-1
210.15611267089844,398.9451599121094,3.2742295265197754,257.0802001953125,0.028989557176828384,10028031,-1
212.86651611328125,480.5120544433594,5.276496887207031,99.53372192382812,0.02092105709016323,11076096,-1
213.6473846435547,536.7203369140625,2.1644113063812256,42.450531005859375,0.04024213179945946,13500927,-1
213.6473846435547,536.7203369140625,2.1644113063812256,247.9432830810547,0.04024213179945946,13500927,-1
214.5092315673828,512.7506713867188,2.199165105819702,212.98345947265625,0.03386731818318367,14680575,-1
216.8176727294922,522.542236328125,2.1319997310638428,223.24136352539062,0.03985602408647537,12386815,-1
218.36241149902344,507.6666259765625,2.8626010417938232,270.0025329589844,0.02013673260807991,328703,-1
221.1673583984375,482.6549987792969,4.378879070281982,94.82138061523438,0.02448757365345955,14352640,-1
221.41017150878906,453.513427734375,2.656238317489624,133.9889373779297,0.014999613165855408,11600639,-1
221.6713409423828,533.6931762695312,2.1394691467285156,39.20587158203125,0.03944704681634903,12648959,-1
221.6713409423828,533.6931762695312,2.1394691467285156,251.8115234375,0.03944704681634903,12648959,-1
222.6737518310547,504.8408203125,2.348888874053955,247.19525146484375,0.020148569718003273,2687743,-1
224.6420135498047,519.848388671875,2.104938268661499,225.85081481933594,0.039454177021980286,11469311,-1
224.6420135498047,519.848388671875,2.104938268661499,254.86862182617188,0.039454177021980286,11469311,-1
224.6420135498047,519.848388671875,2.104938268661499,275.5250244140625,0.039454177021980286,11469311,-1
225.83851623535156,506.6363830566406,2.493929862976074,251.0706024169922,0.025407714769244194,7013119,-1
225.93783569335938,509.77215576171875,5.714930534362793,66.459228515625,0.02261682040989399,197376,-1
226.08065795898438,512.4110107421875,1.9791744947433472,69.99505615234375,0.02185976877808571,7012863,-1
227.66983032226562,502.5350341796875,3.007012128829956,268.1379089355469,0.02024282142519951,3867647,-1
229.39828491210938,530.7052612304688,2.1320998668670654,44.059539794921875,0.03823987394571304,12386815,-1
229.39828491210938,530.7052612304688,2.1320998668670654,73.46868896484375,0.03823987394571304,12386815,-1
229.39828491210938,530.7052612304688,2.1320998668670654,250.87890625,0.03823987394571304,12386815,-1
229.78070068359375,502.0222473144531,2.1062989234924316,105.30422973632812,0.020663224160671234,11534847,-1
229.78070068359375,502.0222473144531,2.1062989234924316,246.21360778808594,0.020663224160671234,11534847,-1
230.46630859375,504.9762268066406,1.997083306312561,43.90576171875,0.024608729407191277,7668223,-1
230.46630859375,504.9762268066406,1.997083306312561,247.07443237304688,0.024608729407191277,7668223,-1
231.2959442138672,499.4642028808594,1.8583778142929077,102.23208618164062,0.019737744703888893,2490879,-1
232.11656188964844,517.2125244140625,2.0861682891845703,70.458251953125,0.03974505886435509,10813951,-1
232.11656188964844,517.2125244140625,2.0861682891845703,229.54196166992188,0.03974505886435509,10813951,-1
232.11656188964844,517.2125244140625,2.0861682891845703,267.8275146484375,0.03974505886435509,10813951,-1
232.58370971679688,526.701171875,2.96730899810791,63.60272216796875,0.030622269958257675,2884607,-1
234.6223602294922,501.1599426269531,2.0544519424438477,73.95510864257812,0.020105401054024696,9699839,-1
234.6223602294922,501.1599426269531,2.0544519424438477,244.0153350830078,0.020105401054024696,9699839,-1
234.74659729003906,485.34442138671875,2.651214361190796,98.17269897460938,0.02960989810526371,11469567,-1
234.74659729003906,485.34442138671875,2.651214361190796,288.3985595703125,0.02960989810526371,11469567,-1
236.65872192382812,527.8724975585938,1.9536850452423096,44.0419921875,0.040355656296014786,6095359,-1
236.65872192382812,527.8724975585938,1.9536850452423096,242.98587036132812,0.040355656296014786,6095359,-1
236.7236785888672,394.51806640625,2.2266533374786377,251.21246337890625,0.02877434343099594,15532543,-1
237.54014587402344,503.2972106933594,1.830405831336975,239.68780517578125,0.024272050708532333,1376767,-1
237.54014587402344,503.2972106933594,1.830405831336975,357.78173828125,0.024272050708532333,1376767,-1
239.10455322265625,507.51983642578125,5.232478141784668,86.7408447265625,0.01714942790567875,10486272,-1
240.74107360839844,508.6939697265625,3.7576568126678467,56.925537109375,0.017575617879629135,3277056,-1
246.225830078125,512.4085083007812,2.0314443111419678,229.66224670410156,0.040647417306900024,8913407,-1
246.225830078125,512.4085083007812,2.0314443111419678,274.58782958984375,0.040647417306900024,8913407,-1
249.36090087890625,389.7720031738281,4.966119289398193,269.32373046875,0.030327485874295235,6750720,-1
249.363525390625,391.9060363769531,1.8289393186569214,259.33135986328125,0.03083210065960884,1311231,-1
249.363525390625,391.9060363769531,1.8289393186569214,276.8038635253906,0.03083210065960884,1311231,-1
250.2852783203125,522.7887573242188,1.9312371015548706,248.66787719726562,0.04269828647375107,5243391,-1
252.3815155029297,503.297119140625,2.7461049556732178,66.2376708984375,0.018866468220949173,14025471,-1
254.8716583251953,487.6569519042969,1.9889119863510132,98.22198486328125,0.03478928655385971,7406079,-1
256.04449462890625,392.5745849609375,2.5455074310302734,266.5716552734375,0.03472679853439331,8520447,-1
256.8392639160156,520.4674072265625,1.9941462278366089,78.2177734375,0.0395144522190094,7602687,-1
256.8392639160156,520.4674072265625,1.9941462278366089,255.68714904785156,0.0395144522190094,7602687,-1
258.38970947265625,570.8265991210938,19.637868881225586,279.59307861328125,0.025073206052184105,5898754,-1
258.9080810546875,524.7926025390625,3.9824485778808594,256.85980224609375,0.013802342116832733,7471360,-1
259.50750732421875,516.9822387695312,2.519379138946533,65.95623779296875,0.035019710659980774,7799551,-1
260.8742980957031,493.1434326171875,2.345682382583618,261.61431884765625,0.022024009376764297,2622207,-1
262.1189270019531,497.83209228515625,5.60777473449707,70.15966796875,0.015534598380327225,15532544,-1
263.054931640625,518.05322265625,1.8734352588653564,65.00054931640625,0.03791038319468498,3080703,-1
265.0873107910156,390.45770263671875,2.2254903316497803,267.1834716796875,0.02831709198653698,15532543,-1
267.0683898925781,452.50054931640625,1.7990074157714844,107.46792602539062,0.01573563553392887,131583,-1
267.0683898925781,452.50054931640625,1.7990074157714844,293.0237121582031,0.01573563553392887,131583,-1
269.37054443359375,495.8237609863281,4.9510345458984375,69.72109985351562,0.020639488473534584,6488576,-1
269.4662170410156,509.99188232421875,5.682206630706787,70.70986938476562,0.022516919299960136,16450048,-1
269.4662170410156,509.99188232421875,5.682206630706787,250.2148895263672,0.022516919299960136,16450048,-1
272.7322692871094,483.00592041015625,2.3899781703948975,77.93182373046875,0.016809318214654922,3932927,-1
272.9901428222656,390.8400573730469,2.3707916736602783,276.8597106933594,0.027763817459344864,3343103,-1
274.76580810546875,492.8890686035156,2.321777820587158,261.00030517578125,0.023841923102736473,1835775,-1
275.4831237792969,507.8488464355469,5.572988033294678,70.36093139648438,0.021795589476823807,15073792,-1
275.4831237792969,507.8488464355469,5.572988033294678,249.9820556640625,0.021795589476823807,15073792,-1
276.9604187011719,560.6270751953125,2.6325621604919434,5.879486083984375,0.08559315651655197,10945279,-1
276.9604187011719,560.6270751953125,2.6325621604919434,181.91152954101562,0.08559315651655197,10945279,-1
279.4245910644531,489.21685791015625,2.5987837314605713,266.1053771972656,0.03192422538995743,10027775,-1
279.4998474121094,503.28094482421875,2.125025510787964,246.70730590820312,0.03665406256914139,12190207,-1
280.513427734375,493.2093200683594,3.8005592823028564,269.79345703125,0.03098047897219658,4063488,-1
281.1550598144531,505.8033447265625,5.566741466522217,70.14047241210938,0.022708741948008537,15008256,-1
281.1550598144531,505.8033447265625,5.566741466522217,249.96200561523438,0.022708741948008537,15008256,-1
281.5029296875,387.9888000488281,9.007502555847168,266.73614501953125,0.03011399134993553,16384257,-1
281.8891906738281,570.4356689453125,6.335843086242676,7.06451416015625,0.027821429073810577,7602944,-1
281.8891906738281,570.4356689453125,6.335843086242676,272.8525390625,0.027821429073810577,7602944,-1
286.1136779785156,504.15509033203125,5.5256667137146,69.82894897460938,0.02269999124109745,14418432,-1
286.1136779785156,504.15509033203125,5.5256667137146,250.212646484375,0.02269999124109745,14418432,-1
288.0022888183594,491.9632568359375,2.6107981204986572,79.861083984375,0.027415523305535316,10355455,-1
289.3040466308594,485.5562744140625,1.8370351791381836,86.81182861328125,0.015426826663315296,1638911,-1
289.3902587890625,571.31298828125,1.9198410511016846,12.044921875,0.030117439106106758,4850175,-1
290.4323425292969,489.8346862792969,13.751790046691895,80.31329345703125,0.01763969101011753,13566721,-1
291.88714599609375,496.24432373046875,3.63010835647583,251.33218383789062,0.025936169549822807,786688,-1
292.30224609375,388.44091796875,3.2288882732391357,261.9531555175781,0.024675115942955017,8979455,-1
294.6101379394531,572.9478149414062,7.244570255279541,0.3807373046875,0.024116577580571175,590081,-1
295.0225830078125,480.63885498046875,1.9170753955841064,76.29229736328125,0.029653601348400116,4719103,-1
296.0738220214844,500.6695556640625,5.305331230163574,70.04306030273438,0.022100375965237617,11469312,-1
296.0738220214844,500.6695556640625,5.305331230163574,250.07333374023438,0.022100375965237617,11469312,-1
296.39776611328125,397.7285461425781,12.292336463928223,263.84857177734375,0.0294472798705101,5440257,-1
299.2959289550781,479.09100341796875,2.279691696166992,238.7799835205078,0.023982223123311996,525055,-1
300.9179992675781,484.9924621582031,2.832003593444824,80.51364135742188,0.0261585284024477,16253695,-1
303.47711181640625,390.45526123046875,1.9719724655151367,264.4580993652344,0.030190451070666313,6750719,-1
304.4165344238281,477.61541748046875,3.2892818450927734,69.81121826171875,0.02291473187506199,10355711,-1
305.4753112792969,481.4350280761719,2.0738046169281006,70.33065795898438,0.025351248681545258,10420735,-1
305.6840515136719,387.78717041015625,2.512699842453003,267.5368347167969,0.0292463768273592,7602943,-1
308.13885498046875,619.6512451171875,1.8773233890533447,87.47747802734375,0.03984823450446129,3211775,-1
310.850830078125,388.3206481933594,2.075390577316284,269.23016357421875,0.0377451628446579,10486271,-1
312.7533264160156,479.4254455566406,2.625380039215088,76.86575317382812,0.02603190578520298,10748671,-1
313.8807678222656,527.3388671875,66.53264617919922,81.64572143554688,0.017881842330098152,10617092,-1
314.4103698730469,473.9685974121094,4.9604034423828125,77.30255126953125,0.022096747532486916,6619648,-1
315.9187927246094,481.35565185546875,1.9249061346054077,71.43124389648438,0.016789298504590988,5046783,-1
318.05133056640625,461.554931640625,2.341245651245117,50.565948486328125,0.016105923801660538,2491135,-1
319.3182067871094,461.0485534667969,1.9318647384643555,49.7259521484375,0.016419291496276855,5308927,-1
320.8433532714844,483.3206481933594,9.728745460510254,74.39825439453125,0.020055215805768967,5243393,-1
321.30267333984375,477.02520751953125,1.9498510360717773,79.87460327148438,0.01925698295235634,5964287,-1
322.5164794921875,474.07464599609375,2.0093419551849365,80.422607421875,0.015374438837170601,8126975,-1
322.8016052246094,385.7335510253906,8.759531021118164,269.21405029296875,0.03434571623802185,14352641,-1
323.3802185058594,458.0519714355469,1.970522165298462,51.493438720703125,0.01508006639778614,6685183,-1
326.43328857421875,490.71527099609375,4.321895122528076,250.04867553710938,0.02036074921488762,13369600,-1
327.2147216796875,455.0123291015625,1.832143783569336,42.706878662109375,0.01385811623185873,1442303,-1
330.3044128417969,455.71197509765625,3.8849270343780518,48.3326416015625,0.024860845878720284,5701888,-1
330.3044128417969,455.71197509765625,3.8849270343780518,262.3695068359375,0.024860845878720284,5701888,-1
331.2483825683594,450.9560852050781,2.0422074794769287,60.131927490234375,0.014139772392809391,9306623,-1
332.3547668457031,475.3839111328125,3.017141103744507,75.3231201171875,0.025183603167533875,4129791,-1
332.51654052734375,471.91741943359375,2.0254244804382324,76.14083862304688,0.01832260563969612,8716799,-1
332.9663391113281,479.7064514160156,2.8443801403045654,70.39761352539062,0.021884756162762642,16515839,-1
337.6064453125,384.9450988769531,4.009810924530029,251.58438110351562,0.029027648270130157,7930112,-1
338.31488037109375,385.3619384765625,2.9923596382141113,252.2173309326172,0.029256438836455345,3474431,-1
338.3750915527344,470.0732727050781,2.380976915359497,63.420379638671875,0.017627274617552757,3670783,-1
340.5860290527344,475.9888000488281,2.3767857551574707,150.72265625,0.019406290724873543,3539711,-1
340.5860290527344,475.9888000488281,2.3767857551574707,244.27186584472656,0.019406290724873543,3539711,-1
341.97705078125,439.9150390625,1.8414582014083862,49.582244873046875,0.01564585231244564,1835519,-1
342.2154541015625,393.0858154296875,11.953582763671875,265.01483154296875,0.03444187715649605,3408641,-1
344.0083923339844,387.8996887207031,4.586121559143066,268.1901550292969,0.03314603492617607,983552,-1
348.89263916015625,479.14825439453125,2.983602523803711,250.98291015625,0.028072185814380646,3277823,-1
349.4691467285156,385.2673034667969,2.6301772594451904,283.28753662109375,0.03308550640940666,10879743,-1
349.7044677734375,467.7679748535156,2.0936975479125977,82.59457397460938,0.025979863479733467,11076095,-1
352.7982482910156,387.2594299316406,2.1199543476104736,281.015380859375,0.030060872435569763,11993599,-1
355.56024169921875,385.5876770019531,2.144684076309204,279.38751220703125,0.03044293448328972,12845567,-1
357.0447082519531,388.0872497558594,2.0021798610687256,271.9444274902344,0.02328960783779621,7864831,-1
360.8482360839844,388.7020568847656,3.1925644874572754,270.19720458984375,0.024608176201581955,8193023,-1
361.0873107910156,450.4185485839844,2.123615026473999,53.48516845703125,0.013657921925187111,12124671,-1
361.37158203125,465.87677001953125,1.9539480209350586,74.85079956054688,0.014723883010447025,6095359,-1
363.96478271484375,573.2718505859375,5.1523637771606445,263.90435791015625,0.015446081757545471,9372160,-1
364.09869384765625,385.87164306640625,2.1481080055236816,270.3186340332031,0.02905973047018051,12976639,-1
365.4056091308594,366.48699951171875,34.14803695678711,266.97113037109375,0.03789842501282692,12452099,-1
366.154296875,388.1259765625,2.00451922416687,263.9189453125,0.0282195545732975,7930367,-1
366.5000915527344,450.9761657714844,1.9382688999176025,209.9909210205078,0.018401997163891792,5505535,-1
366.7216491699219,528.37744140625,30.319005966186523,147.22276306152344,0.014359268359839916,3866883,-1
367.7962341308594,632.7110595703125,2.0342586040496826,102.83349609375,0.03699154034256935,9044479,-1
367.7962341308594,632.7110595703125,2.0342586040496826,300.947998046875,0.03699154034256935,9044479,-1
369.4851379394531,464.66937255859375,1.8369625806808472,77.54443359375,0.014715032652020454,1638911,-1
371.7832946777344,389.2350769042969,5.24267578125,270.8273620605469,0.035007644444704056,10617344,-1
371.9941101074219,469.76153564453125,2.423342227935791,76.3685302734375,0.016364609822630882,4981503,-1
372.7181091308594,453.9107971191406,1.9038209915161133,96.76449584960938,0.015067081898450851,4194815,-1
373.3270263671875,466.37103271484375,2.397881031036377,82.19686889648438,0.017933422699570656,4195071,-1
373.5667419433594,495.49688720703125,4.992175579071045,93.7310791015625,0.018241314217448235,7078400,-1
373.6391906738281,435.5306701660156,1.8172361850738525,122.60055541992188,0.023171834647655487,852479,-1
373.6878356933594,519.2276611328125,3.3296544551849365,108.33267211914062,0.030371204018592834,11207679,-1
373.6878356933594,519.2276611328125,3.3296544551849365,275.6009521484375,0.030371204018592834,11207679,-1
373.9928894042969,418.50213623046875,10.269170761108398,259.8447265625,0.015121359378099442,9110017,-1
375.269287109375,462.67816162109375,2.8553829193115234,76.902587890625,0.017107799649238586,132095,-1
376.362548828125,384.9520568847656,2.7968900203704834,280.5372619628906,0.029987752437591553,15336191,-1
379.1185302734375,462.4178161621094,2.131579875946045,76.59771728515625,0.013639242388308048,12386815,-1
379.4941101074219,496.26165771484375,2.699028253555298,97.3829345703125,0.02129090391099453,12780287,-1
381.30419921875,516.9029541015625,2.0259382724761963,265.6938781738281,0.016411710530519485,8716799,-1
381.52105712890625,487.4564208984375,13.062379837036133,252.502685546875,0.021177630871534348,9831169,-1
384.1571044921875,431.77685546875,4.077638149261475,79.68402099609375,0.016953477635979652,9175296,-1
384.7860412597656,508.06884765625,9.869056701660156,116.76597595214844,0.020638564601540565,6291969,-1
385.0636291503906,497.3610534667969,2.329312562942505,101.2752685546875,0.017282165586948395,2097919,-1
385.08074951171875,530.9451904296875,9.74720573425293,129.07406616210938,0.01669296808540821,5374465,-1
385.1222229003906,519.69189453125,4.5571513175964355,105.08306884765625,0.023794444277882576,524800,-1
385.8846435546875,437.0321044921875,2.0232532024383545,90.614990234375,0.08134527504444122,8651263,-1
385.8846435546875,437.0321044921875,2.0232532024383545,263.58819580078125,0.08134527504444122,8651263,-1
388.39886474609375,386.0059814453125,7.663508892059326,280.7746887207031,0.04772002622485161,4653313,-1
389.0993347167969,386.6423034667969,6.92446756362915,282.9978332519531,0.04881724715232849,14025472,-1
390.3536071777344,391.9291076660156,1.9148943424224854,269.7648620605469,0.022693267092108727,4653567,-1
390.4282531738281,507.9015808105469,2.3610470294952393,193.03768920898438,0.014728031121194363,3080959,-1
390.6120910644531,687.0115356445312,1.8495773077011108,28.903656005859375,0.019827120006084442,2097663,-1
391.66351318359375,388.1492614746094,4.176284313201904,187.43777465820312,0.048794377595186234,10879232,-1
391.8976135253906,511.5480651855469,2.426123857498169,193.89132690429688,0.014047801494598389,5047039,-1
392.4791259765625,388.8509826660156,3.144827365875244,190.5276336669922,0.049696050584316254,7078911,-1
394.0390625,346.9936218261719,1.9444936513900757,191.7587432861328,0.032511353492736816,5767679,-1
394.1954345703125,356.8271484375,2.013094663619995,179.02894592285156,0.044800035655498505,8258047,-1
395.00921630859375,458.4031982421875,4.4782795906066895,87.90805053710938,0.013815604150295258,15925504,-1
395.1903076171875,509.5179138183594,5.654285430908203,190.9578094482422,0.014560668729245663,16122368,-1
395.49566650390625,518.4623413085938,11.682448387145996,136.01104736328125,0.019609777256846428,1770241,-1
397.5626220703125,469.42987060546875,9.655406951904297,255.4471893310547,0.0254812128841877,4653569,-1
398.6715087890625,397.9961242675781,9.957773208618164,277.96356201171875,0.02980669029057026,6881793,-1
399.3017272949219,445.9609680175781,100.15750122070312,275.37188720703125,0.03810807317495346,6750980,-1
399.4063415527344,450.677734375,1.9946895837783813,0.84478759765625,0.01498995441943407,7602687,-1
399.4810791015625,349.92694091796875,6.972817420959473,270.0166015625,0.08186519145965576,14549760,-1
399.8211975097656,374.2033386230469,7.605892181396484,187.49932861328125,0.07175152003765106,4129025,-1
399.8211975097656,374.2033386230469,7.605892181396484,279.13079833984375,0.07175152003765106,4129025,-1
400.0262451171875,367.82867431640625,2.504941701889038,287.6143798828125,0.05453353375196457,7340799,-1
400.0789794921875,344.0631103515625,2.407176971435547,290.06536865234375,0.04482313618063927,4457215,-1
401.8133239746094,380.2935485839844,3.136274814605713,75.09481811523438,0.055532146245241165,6882303,-1
402.21405029296875,507.05810546875,4.361713409423828,85.10745239257812,0.023916879668831825,14024960,-1
402.21405029296875,507.05810546875,4.361713409423828,273.92144775390625,0.023916879668831825,14024960,-1
402.21405029296875,507.05810546875,4.361713409423828,295.2274169921875,0.023916879668831825,14024960,-1
402.86395263671875,343.65142822265625,4.236329555511475,272.2308349609375,0.04800253361463547,11927808,-1
402.91827392578125,356.13055419921875,4.177576065063477,82.20181274414062,0.05412019416689873,10944768,-1
404.4985656738281,456.8250732421875,5.357671737670898,81.13461303710938,0.01664152182638645,12190208,-1
404.6822509765625,398.9329833984375,6.945191383361816,280.7759704589844,0.0305683184415102,14287616,-1
405.34576416015625,344.99969482421875,2.061244249343872,266.7255859375,0.046263206750154495,9961983,-1
405.8948059082031,368.2935791015625,3.2564103603363037,275.38665771484375,0.042570989578962326,9634815,-1
407.3603515625,361.5666198730469,9.500429153442383,271.7133483886719,0.06599685549736023,3473921,-1
407.9176025390625,386.923095703125,9.945361137390137,280.80181884765625,0.06383467465639114,6816257,-1
409.3417053222656,501.9441223144531,38.821964263916016,13.90435791015625,0.017926648259162903,5046787,-1
409.3417053222656,501.9441223144531,38.821964263916016,149.46336364746094,0.017926648259162903,5046787,-1
409.9137878417969,507.2406921386719,4.274608612060547,262.53326416015625,0.022572176530957222,12583168,-1
410.4391174316406,463.862060546875,6.166818141937256,85.89114379882812,0.020750150084495544,5702400,-1
410.4391174316406,463.862060546875,6.166818141937256,249.67633056640625,0.020750150084495544,5702400,-1
410.6552429199219,406.8489990234375,4.009001731872559,101.12249755859375,0.01684458740055561,7930112,-1
410.7335510253906,344.9539489746094,2.1812493801116943,271.72259521484375,0.048064641654491425,14090751,-1
411.8746643066406,505.9466247558594,2.1099700927734375,186.818115234375,0.018471499904990196,11665919,-1
412.1143798828125,392.1559143066406,4.710654258728027,273.997802734375,0.05314641073346138,2884096,-1
412.6806640625,343.6868591308594,3.980931520462036,266.1328430175781,0.048189740628004074,7471360,-1
414.0994567871094,367.6529235839844,3.291548252105713,257.168212890625,0.05307827144861221,10421247,-1
414.3554992675781,349.875732421875,7.514873504638672,272.8106689453125,0.07429489493370056,3277057,-1
414.7985534667969,347.1458740234375,2.237961530685425,259.6027526855469,0.03995886072516441,15925759,-1
415.329345703125,343.94989013671875,2.366431951522827,250.9971923828125,0.04326056316494942,3212031,-1
415.4511413574219,457.0347595214844,4.811751842498779,6.406585693359375,0.016866018995642662,4456960,-1
415.4511413574219,457.0347595214844,4.811751842498779,102.4791259765625,0.016866018995642662,4456960,-1
415.4908142089844,463.61663818359375,1.9152755737304688,90.28643798828125,0.037730515003204346,4653567,-1
415.4908142089844,463.61663818359375,1.9152755737304688,131.4141082763672,0.037730515003204346,4653567,-1
415.4908142089844,463.61663818359375,1.9152755737304688,256.2004699707031,0.037730515003204346,4653567,-1
415.6773986816406,512.29150390625,5.155651092529297,355.3734130859375,0.018042003735899925,9437696,-1
418.5428771972656,345.57440185546875,2.6078779697418213,354.6081848144531,0.05623430386185646,10289919,-1
418.608154296875,468.3490905761719,1.9638731479644775,155.8272705078125,0.017290711402893066,6488575,-1
420.2253112792969,437.8337707519531,3.1318581104278564,0.19488525390625,0.019729221239686012,6816767,-1
420.2679748535156,418.595703125,3.0699825286865234,199.78257751464844,0.014928902499377728,5374975,-1
420.2679748535156,418.595703125,3.0699825286865234,354.2784423828125,0.014928902499377728,5374975,-1
420.718017578125,453.3711853027344,3.355529546737671,0.446319580078125,0.016864577308297157,11797503,-1
420.7331237792969,366.3543395996094,2.070284605026245,353.20501708984375,0.040620118379592896,10289663,-1
420.9379577636719,348.3056335449219,2.185476303100586,359.3195495605469,0.034941643476486206,14221823,-1
421.4730529785156,517.620849609375,2.831181287765503,356.8241271972656,0.041869860142469406,16188159,-1
421.7226867675781,521.0316162109375,2.0982844829559326,270.7865295410156,0.019196227192878723,11272703,-1
422.6482238769531,490.7398986816406,2.627520799636841,190.5776824951172,0.013634403236210346,10814207,-1
422.6482238769531,490.7398986816406,2.627520799636841,349.7037048339844,0.013634403236210346,10814207,-1
422.7247009277344,477.0733947753906,2.3477303981781006,192.59703063964844,0.014158777892589569,2687743,-1
422.8397216796875,482.01763916015625,2.7913811206817627,0.48785400390625,0.01588972844183445,15205119,-1
422.8397216796875,482.01763916015625,2.7913811206817627,185.1389923095703,0.01588972844183445,15205119,-1
423.18408203125,461.45294189453125,3.21567964553833,79.78738403320312,0.021525567397475243,8717311,-1
423.18408203125,461.45294189453125,3.21567964553833,307.55340576171875,0.021525567397475243,8717311,-1
423.2781066894531,498.853759765625,2.6771509647369385,97.12322998046875,0.018433891236782074,12190463,-1
424.48284912109375,520.9197387695312,3.331350088119507,82.8643798828125,0.017812253907322884,11273215,-1
424.48284912109375,520.9197387695312,3.331350088119507,225.07681274414062,0.017812253907322884,11273215,-1
425.2777099609375,398.36328125,3.1425247192382812,283.0092468261719,0.023367689922451973,7013375,-1
426.94805908203125,395.5324401855469,1.977134346961975,287.34674072265625,0.027395032346248627,6947327,-1
431.162353515625,449.5208740234375,7.351492404937744,94.19851684570312,0.014579471200704575,1638657,-1
431.6684265136719,397.0556335449219,2.0619044303894043,281.2666015625,0.029756592586636543,9961983,-1
431.84539794921875,460.6055603027344,2.046034097671509,257.46868896484375,0.02063583955168724,9437695,-1
431.9277648925781,452.2960510253906,4.065589427947998,108.62226867675781,0.015011354349553585,8978688,-1
432.364013671875,430.8829650878906,1.8788127899169922,74.981201171875,0.017526276409626007,3277311,-1
432.364013671875,430.8829650878906,1.8788127899169922,95.69876098632812,0.017526276409626007,3277311,-1
438.1943359375,473.0010681152344,9.874899864196777,357.4494934082031,0.016590800136327744,6291969,-1
439.4480285644531,496.0519104003906,15.03787899017334,353.1878967285156,0.01593637280166149,3277058,-1
440.92999267578125,397.5272216796875,1.9487937688827515,266.51971435546875,0.024574249982833862,5898751,-1
448.37384033203125,499.3540954589844,2.490673542022705,0.74615478515625,0.03022392839193344,6947583,-1
448.37384033203125,499.3540954589844,2.490673542022705,294.2232666015625,0.03022392839193344,6947583,-1
448.88934326171875,460.4453430175781,9.645233154296875,94.03866577148438,0.01791924424469471,4588033,-1
449.8207702636719,454.1036071777344,2.1045942306518555,131.8673553466797,0.0234605073928833,11469311,-1
450.6398010253906,466.6887512207031,2.13344669342041,184.25701904296875,0.0277234073728323,12452351,-1
451.8524169921875,478.24688720703125,3.3377597332000732,8.75775146484375,0.03570254519581795,11404287,-1
451.99810791015625,483.2428894042969,3.496570587158203,359.248046875,0.04067401960492134,14746623,-1
453.8858642578125,499.577392578125,2.204141855239868,67.463134765625,0.038993239402770996,14811647,-1
456.04876708984375,403.0552062988281,4.378209114074707,271.5179748535156,0.02138945646584034,14287104,-1
456.2129211425781,485.9516296386719,2.533151388168335,355.6805419921875,0.0726388469338417,8192767,-1
456.2818603515625,480.0489501953125,2.772791624069214,3.5638427734375,0.07005210965871811,14680831,-1
458.11932373046875,481.7713928222656,7.245964050292969,156.5147705078125,0.05369564890861511,655617,-1
458.11932373046875,481.7713928222656,7.245964050292969,351.19000244140625,0.05369564890861511,655617,-1
458.7192687988281,488.50567626953125,2.5474395751953125,217.57907104492188,0.04557520151138306,8585983,-1
461.4836730957031,478.0677490234375,1.9223793745040894,173.8748321533203,0.06387709081172943,4915711,-1
461.6876525878906,458.8138122558594,1.9645112752914429,160.68809509277344,0.01754009909927845,6488575,-1
461.7019348144531,471.8255615234375,4.907071590423584,109.48236083984375,0.018780747428536415,5833216,-1
461.86126708984375,487.8304443359375,1.9541021585464478,179.27023315429688,0.07370016723871231,6095359,-1
461.86126708984375,487.8304443359375,1.9541021585464478,347.8748779296875,0.07370016723871231,6095359,-1
462.931640625,471.1059875488281,2.6454248428344727,120.97663879394531,0.017720067873597145,11272959,-1
465.72674560546875,481.21185302734375,3.5151474475860596,174.78253173828125,0.029879160225391388,15139839,-1
465.9210205078125,402.926025390625,5.047123908996582,270.2942199707031,0.02039373107254505,7864832,-1
465.9446105957031,481.4007568359375,3.669935703277588,171.85623168945312,0.029771041125059128,1573120,-1
466.5633544921875,497.995361328125,2.1276512145996094,252.5174102783203,0.013346056453883648,12255743,-1
467.2002258300781,493.75146484375,4.4719929695129395,87.72671508789062,0.028569761663675308,15859968,-1
467.2002258300781,493.75146484375,4.4719929695129395,245.58758544921875,0.028569761663675308,15859968,-1
471.9714660644531,497.9114074707031,2.998993396759033,247.83428955078125,0.017284126952290535,3671039,-1
471.9714660644531,497.9114074707031,2.998993396759033,268.2039489746094,0.017284126952290535,3671039,-1
473.1183166503906,461.48114013671875,3.362448215484619,126.32308959960938,0.025672590360045433,11928575,-1
473.9148864746094,484.64874267578125,3.2675907611846924,97.8905029296875,0.016468239948153496,9896959,-1
476.141357421875,398.37548828125,2.081766128540039,260.73944091796875,0.0290358979254961,10682879,-1
477.236328125,493.385986328125,3.0106937885284424,88.0758056640625,0.029998864978551865,3933183,-1
477.236328125,493.385986328125,3.0106937885284424,263.71466064453125,0.029998864978551865,3933183,-1
478.08648681640625,440.06976318359375,2.323793649673462,76.64239501953125,0.015112116932868958,1901311,-1
479.57159423828125,485.9227600097656,2.1495676040649414,168.9768829345703,0.018729517236351967,12976639,-1
479.8180236816406,459.586181640625,3.7601430416107178,126.14935302734375,0.018944403156638145,3342592,-1
479.9477233886719,399.6507873535156,2.4173495769500732,266.1463623046875,0.029111694544553757,4784895,-1
482.8348388671875,397.635498046875,2.2644169330596924,252.82359313964844,0.031435295939445496,66303,-1
483.5600891113281,486.8734436035156,3.778777837753296,92.44390869140625,0.018046565353870392,3670272,-1
483.907470703125,462.6228942871094,2.681948661804199,38.26007080078125,0.015547048300504684,12321535,-1
486.6575622558594,483.00653076171875,8.548114776611328,102.3704833984375,0.017651565372943878,12583169,-1
487.202880859375,399.2038879394531,3.405719757080078,258.54266357421875,0.030834944918751717,12846079,-1
487.3481140136719,454.19683837890625,1.7982944250106812,12.935028076171875,0.01450385432690382,66047,-1
487.64453125,396.0707092285156,1.8651989698410034,260.9688720703125,0.025621993467211723,2753023,-1
489.32373046875,398.5090637207031,2.6914761066436768,265.5308532714844,0.028955506160855293,12518143,-1
489.95892333984375,444.23455810546875,2.6525001525878906,86.11697387695312,0.016289327293634415,11469567,-1
489.95892333984375,444.23455810546875,2.6525001525878906,214.7786102294922,0.016289327293634415,11469567,-1
490.9066162109375,481.3136901855469,1.8888765573501587,304.7209167480469,0.015084963291883469,3670527,-1
491.0843200683594,452.9250793457031,3.341257095336914,118.63330078125,0.019334299489855766,11469823,-1
491.5859375,457.88330078125,2.650045871734619,130.468505859375,0.015539036132395267,11404031,-1
492.7671813964844,440.1257019042969,2.191770076751709,274.84991455078125,0.024711132049560547,14418431,-1
494.2138671875,448.1789245605469,4.389064311981201,110.3831787109375,0.014192928560078144,14483712,-1
497.4412841796875,452.8046569824219,1.9983679056167603,119.00906372070312,0.016294892877340317,7733759,-1
498.4835510253906,398.5124816894531,3.3341729640960693,268.3598937988281,0.024284126237034798,11338751,-1
500.3896179199219,394.98736572265625,2.654160261154175,264.4290771484375,0.026057906448841095,11535103,-1
505.3728942871094,397.0711669921875,2.2328641414642334,265.56787109375,0.028139468282461166,15729151,-1
506.8907775878906,398.3123474121094,4.65379524230957,270.84814453125,0.029329603537917137,2032128,-1
507.15142822265625,394.54376220703125,1.982552170753479,269.8638916015625,0.023312581703066826,7143935,-1
507.9064636230469,408.3100891113281,2.2288901805877686,270.62109375,0.014059375040233135,15598079,-1
509.4947509765625,487.0728454589844,2.16218638420105,95.60635375976562,0.014682687819004059,13435391,-1
513.8173828125,394.7685241699219,3.8424365520477295,261.4954528808594,0.030693721026182175,4849920,-1
515.3311767578125,395.44915771484375,2.1212334632873535,246.57691955566406,0.029535019770264626,12059135,-1
517.9210205078125,460.6227111816406,2.5494043827056885,133.79522705078125,0.01535943616181612,8651519,-1
518.5421142578125,396.1903076171875,2.124959945678711,267.07904052734375,0.037685200572013855,12190207,-1
519.8037719726562,484.289794921875,4.5828046798706055,34.520416259765625,0.021473439410328865,918016,-1
521.1414184570312,394.03826904296875,1.947972297668457,272.1754150390625,0.027175309136509895,5898751,-1
523.5490112304688,396.5236511230469,2.339475393295288,274.23138427734375,0.030326934531331062,2425599,-1
526.8479614257812,394.37152099609375,2.059962034225464,272.42181396484375,0.027491718530654907,9896447,-1
527.09033203125,410.18255615234375,2.110748291015625,277.169189453125,0.017190011218190193,11665919,-1
527.833984375,484.994873046875,2.2799289226531982,105.96128845214844,0.06953157484531403,525055,-1
527.833984375,484.994873046875,2.2799289226531982,278.3662109375,0.06953157484531403,525055,-1
529.235595703125,399.2893371582031,6.564351558685303,273.71002197265625,0.027298521250486374,10158848,-1
530.3430786132812,439.97515869140625,1.9801205396652222,109.7840576171875,0.015407746657729149,7078399,-1
531.5280151367188,479.0331726074219,4.6955885887146,81.44247436523438,0.02784128673374653,2687488,-1
531.5750122070312,461.86102294921875,9.490715026855469,77.522705078125,0.014286142773926258,3408385,-1
531.5750122070312,461.86102294921875,9.490715026855469,320.67449951171875,0.014286142773926258,3408385,-1
535.0742797851562,441.0073547363281,2.3348562717437744,96.24081420898438,0.01480350736528635,2294527,-1
535.3070678710938,488.0366516113281,2.169020414352417,244.35348510742188,0.05071871727705002,13631999,-1
538.4332275390625,488.34527587890625,1.8691662549972534,346.9963684082031,0.015357439406216145,2884095,-1
538.9649047851562,470.4604797363281,2.1651065349578857,122.28096008300781,0.018849283456802368,13500927,-1
539.0165405273438,475.7009582519531,2.6426761150360107,91.137939453125,0.014552593231201172,11207423,-1
541.71923828125,467.5928649902344,3.3844902515411377,110.60870361328125,0.013882475905120373,12387327,-1
541.71923828125,467.5928649902344,3.3844902515411377,334.4680480957031,0.013882475905120373,12387327,-1
542.6944580078125,397.45294189453125,2.0868475437164307,280.99530029296875,0.03262165188789368,10879487,-1
544.1103515625,482.53375244140625,2.6655242443084717,65.8341064453125,0.029094111174345016,11862783,-1
544.501708984375,399.9640197753906,1.993674874305725,272.2703857421875,0.02906212769448757,7537151,-1
545.0657958984375,440.94866943359375,2.093433141708374,254.56727600097656,0.014918120577931404,11076095,-1
547.8311157226562,456.9623107910156,1.9918965101242065,115.44493103027344,0.01395462453365326,7471615,-1
548.070556640625,476.51806640625,3.4720280170440674,80.21905517578125,0.030632175505161285,14287871,-1
549.2955932617188,481.26397705078125,3.7762584686279297,79.37460327148438,0.04367689788341522,3604736,-1
549.3755493164062,399.4444274902344,1.9132295846939087,269.446533203125,0.03136184439063072,4588031,-1
553.38330078125,468.53253173828125,2.166064500808716,136.55377197265625,0.01411015447229147,13566463,-1
555.4959716796875,466.4254455566406,2.2059476375579834,132.8054656982422,0.01603640802204609,14877183,-1
555.6799926757812,463.49053955078125,2.138857126235962,101.87545776367188,0.013958231545984745,12648959,-1
555.6799926757812,463.49053955078125,2.138857126235962,263.1452941894531,0.013958231545984745,12648959,-1
556.008544921875,476.4147644042969,2.576075315475464,91.86724853515625,0.020744238048791885,9372415,-1
556.736083984375,405.2505187988281,2.1053645610809326,77.75799560546875,0.029135417193174362,11469311,-1
559.6686401367188,476.68316650390625,1.995538592338562,91.06082153320312,0.025973768904805183,7602687,-1
562.1641235351562,469.17498779296875,9.435809135437012,92.43463134765625,0.016372958198189735,3015169,-1
563.803466796875,442.2351379394531,3.822312116622925,127.72268676757812,0.01360371895134449,4522240,-1
565.7893676757812,442.8759460449219,2.0027756690979004,126.2076416015625,0.014459826052188873,7864831,-1
570.5514526367188,477.67279052734375,2.903567314147949,90.65274047851562,0.027632340788841248,1311743,-1
571.79833984375,473.5306396484375,3.0938146114349365,90.19686889648438,0.019076364114880562,5899263,-1
572.4194946289062,460.92340087890625,5.2602458000183105,294.83538818359375,0.014257687143981457,10879488,-1
572.6834106445312,409.990478515625,1.90060293674469,259.5436706542969,0.01635069213807583,4129279,-1
573.8405151367188,452.0794982910156,4.390078544616699,115.55097961425781,0.020559066906571388,14483712,-1
579.5164794921875,398.45843505859375,2.4209868907928467,273.7596130371094,0.016511576250195503,4915967,-1
582.5792236328125,469.63031005859375,7.195505619049072,89.31243896484375,0.021960729733109474,131329,-1
585.1195678710938,455.349609375,3.9464993476867676,96.23007202148438,0.01777619682252407,6816000,-1
587.4291381835938,472.8708190917969,3.411811590194702,90.124267578125,0.02649718150496483,12977151,-1
590.2532348632812,424.5899658203125,2.690434217453003,293.96014404296875,0.02342982590198517,12518143,-1
591.1631469726562,470.0958251953125,1.8189538717269897,315.86383056640625,0.020010296255350113,918015,-1
591.4628295898438,408.91796875,3.3899877071380615,278.7252197265625,0.013678220100700855,12518399,-1
592.7144775390625,398.0456237792969,4.69035005569458,267.85589599609375,0.018097642809152603,2556416,-1
596.4678955078125,474.0600891113281,1.8740580081939697,85.33074951171875,0.02642669342458248,3080703,-1
Descriptor:
 [[  0.   0.   3. ...   2.   1.  16.]
 [  2.   0.   0. ...   8.   0.   0.]
 [  0.   0.   0. ...   4.   0.   0.]
 ...
 [ 18.   2.   0. ...   0.   0.   0.]
 [164.   1.   0. ...   0.   0.   0.]
 [  1.   2.   4. ...   3.   0.   5.]]