1895,599,0,12.884099006652832
1536,245,0,13.34166431427002
1673,398,0,14.628738403320312
1723,446,0,15.937376976013184
1735,454,0,17.860570907592773
1762,486,0,17.972200393676758
1478,201,0,20.32240104675293
1763,487,0,21.63330841064453
1908,609,0,22.737634658813477
1880,590,0,22.934690475463867
1807,528,0,23.237899780273438
1527,240,0,23.579652786254883
1325,58,0,24.14539337158203
1367,81,0,24.73863410949707
1738,457,0,25.0
1820,540,0,25.0
1720,441,0,25.05992889404297
1947,659,0,25.139610290527344
1774,493,0,25.865034103393555
1721,442,0,26.28687858581543
1326,52,0,26.324893951416016
1467,194,0,26.419689178466797
1526,239,0,26.438608169555664
1761,484,0,26.5894718170166
1849,567,0,26.758176803588867
1925,630,0,27.037012100219727
1937,643,0,27.221315383911133
1948,660,0,27.459060668945312
1408,124,0,27.67670440673828
1442,176,0,27.838821411132812
1780,499,0,28.07133674621582
1451,174,0,28.195743560791016
1310,34,0,28.23118782043457
1574,297,0,28.54820442199707
1853,568,0,28.98275375366211
1324,57,0,29.546573638916016
1864,574,0,29.631065368652344
1358,93,0,29.664793014526367
1694,413,0,29.983327865600586
1318,42,0,30.049959182739258
1311,35,0,30.182777404785156
1734,460,0,30.397367477416992
1317,44,0,31.064449310302734
1611,348,0,31.08053970336914
1360,98,0,31.30495262145996
1914,618,0,31.670175552368164
1284,13,0,31.71750259399414
1828,554,0,31.85906410217285
1797,517,0,32.04684066772461
1552,275,0,32.186954498291016
1573,294,0,32.4499626159668
1543,256,0,32.557640075683594
1606,334,0,32.86335372924805
1737,456,0,32.93933868408203
1722,443,0,32.95451354980469
1602,335,0,33.09078598022461
1359,94,0,33.43650817871094
1671,399,0,33.763885498046875
1474,199,0,33.95585250854492
1690,420,0,34.249088287353516
1522,241,0,34.27827453613281
1468,195,0,34.45286560058594
1784,504,0,34.496376037597656
1678,405,0,34.64101791381836
1480,210,0,34.65544509887695
1497,218,0,34.69870376586914
1747,471,0,34.84250259399414
1492,219,0,34.928497314453125
1702,421,0,35.099857330322266
1476,208,0,35.29872512817383
1712,435,0,35.29872512817383
1290,19,0,35.31288528442383
1746,470,0,35.35533905029297
1727,451,0,35.42597961425781
1693,412,0,35.693138122558594
1799,523,0,36.2353401184082
1832,553,0,36.414283752441406
1538,253,0,36.482872009277344
1938,648,0,36.482872009277344
1928,636,0,36.551334381103516
1541,265,0,36.56501007080078
1599,330,0,36.67424011230469
1339,70,0,36.91883087158203
1485,215,0,37.22901916503906
1845,566,0,37.2558708190918
1565,292,0,37.336307525634766
1370,133,0,37.46998977661133
1676,402,0,37.56327819824219
1590,317,0,37.6961555480957
1423,155,0,37.78888702392578
1557,276,0,37.86819076538086
1916,619,0,37.86819076538086
1494,221,0,37.93415451049805
1328,55,0,38.20994567871094
1439,166,0,38.52272033691406
1443,177,0,38.96152114868164
1941,656,0,39.0128173828125
1661,387,0,39.051246643066406
1329,54,0,39.064048767089844
1568,288,0,39.15354537963867
1487,213,0,39.268306732177734
1748,468,0,39.293766021728516
1667,388,0,39.458839416503906
1376,96,0,39.534793853759766
1644,374,0,39.534793853759766
1875,588,0,39.94997024536133
1432,154,0,40.18706130981445
1767,489,0,40.2740592956543
1701,432,0,40.360870361328125
1704,427,0,40.49691390991211
1682,408,0,40.6939811706543
1483,207,0,41.04875183105469
1867,583,0,41.09744644165039
1621,350,0,41.26742172241211
1929,637,0,41.605289459228516
1766,491,0,41.67733383178711
1578,300,0,41.70132064819336
1355,95,0,41.85689926147461
1714,434,0,42.1307487487793
1695,414,0,42.32020950317383
1736,455,0,42.55584716796875
1868,585,0,42.63801193237305
1703,426,0,42.83689880371094
1428,160,0,42.91852569580078
1641,373,0,43.27817153930664
1829,551,0,43.30126953125
1759,482,0,43.65776062011719
1905,604,0,43.72642135620117
1627,363,0,43.77213668823242
1904,606,0,43.79497528076172
1800,524,0,43.96589660644531
1789,514,0,44.05678176879883
1624,351,0,44.17012405395508
1600,331,0,44.1927604675293
1569,289,0,44.24929428100586
1837,561,0,44.373416900634766
1435,164,0,44.4971923828125
1291,18,0,44.530887603759766
1463,189,0,44.56455993652344
1319,46,0,44.59820556640625
1740,466,0,44.95553207397461
1760,483,0,45.05552291870117
1030,102,0,45.221675872802734
1545,269,0,45.42026138305664
1952,662,0,45.4422721862793
1544,259,0,45.45327377319336
1374,96,0,45.51922607421875
1862,572,0,45.694637298583984
1508,225,0,45.945621490478516
1302,27,0,46.032596588134766
1924,632,0,46.19523620605469
1894,597,0,46.22769546508789
1796,520,0,46.2385139465332
1377,127,0,46.249324798583984
1372,133,0,46.36809158325195
1366,86,0,46.41120529174805
1419,151,0,46.43274688720703
1769,495,0,46.62617111206055
1615,346,0,46.69047164916992
1334,66,0,47.08502960205078
1471,205,0,47.08502960205078
1901,605,0,47.16990661621094
1407,122,0,47.19110107421875
1581,305,0,47.19110107421875
1389,96,0,47.21228790283203
1539,254,0,47.25463104248047
1384,130,0,47.26520919799805
1434,163,0,47.339202880859375
1472,197,0,47.52893829345703
1626,360,0,47.71792221069336
1486,212,0,48.12483596801758
1381,130,0,48.46648406982422
1920,625,0,48.71344757080078
1777,498,0,48.733970642089844
1666,390,0,48.764739990234375
1637,377,0,48.96937942504883
1375,125,0,49.0
1657,382,0,49.20365905761719
1909,611,0,49.21381759643555
1692,419,0,49.25444030761719
1560,279,0,49.29502868652344
1751,469,0,49.386234283447266
1023,127,0,49.42671203613281
1282,4,0,49.51767349243164
1646,317,0,49.57822036743164
1926,633,0,49.73931884765625
1788,507,0,49.80963897705078
1907,615,0,49.86983108520508
1790,510,0,49.96998977661133
1412,137,0,50.27922058105469
1910,612,0,50.29910659790039
1755,476,0,50.418251037597656
1681,403,0,50.5173225402832
1851,569,0,50.56678771972656
1555,280,0,50.57667541503906
1803,526,0,50.59644317626953
1022,104,0,50.675437927246094
1441,175,0,51.17616653442383
1571,287,0,51.60426330566406
1913,616,0,51.652687072753906
1613,344,0,51.68171691894531
1411,152,0,51.79768371582031
1587,327,0,51.865211486816406
1628,361,0,51.90375518798828
1893,600,0,52.115257263183594
1717,444,0,52.13444137573242
1530,250,0,52.17279052734375
1931,638,0,52.31634521484375
1802,525,0,52.41183090209961
1462,191,0,52.640289306640625
1559,278,0,53.0
1385,92,0,53.122501373291016
1783,503,0,53.15073013305664
1689,417,0,53.21653747558594
1629,364,0,53.34791564941406
1424,156,0,53.413482666015625
1534,242,0,53.66563034057617
1633,371,0,53.80520248413086
1304,31,0,53.879493713378906
1869,580,0,53.93514633178711
1858,573,0,54.09251403808594
1699,429,0,54.20331954956055
1426,148,0,54.470176696777344
1570,283,0,54.662601470947266
1940,654,0,54.68089294433594
1342,71,0,54.918121337890625
1505,223,0,54.918121337890625
1460,188,0,55.05451965332031
1718,445,0,55.33534240722656
1305,30,0,55.50675582885742
1469,198,0,55.578773498535156
1033,96,0,55.7045783996582
1383,96,0,55.95533752441406
1519,373,0,56.00892639160156
1558,282,0,56.23166275024414
1933,641,0,56.70096969604492
1024,101,0,56.81549072265625
1647,384,0,56.99122619628906
1323,56,0,57.09640884399414
1873,586,0,57.39337921142578
1662,386,0,57.584720611572266
1679,401,0,57.628116607666016
1917,620,0,57.74079895019531
1754,475,0,58.36951446533203
1731,659,0,58.847259521484375
1395,126,0,58.94913101196289
1566,291,0,59.270565032958984
1753,479,0,59.346439361572266
1742,464,0,59.36328887939453
1603,337,0,59.89991760253906
1819,542,0,59.98332977294922
1888,596,0,60.67124557495117
1499,220,0,61.16371536254883
1710,430,0,61.546730041503906
1670,395,0,61.74949264526367
1756,472,0,62.12889862060547
1400,109,0,62.21736145019531
1598,329,0,62.64183807373047
1922,628,0,62.65780258178711
1562,290,0,62.793312072753906
1511,229,0,62.864933013916016
1605,333,0,62.92058563232422
1798,518,0,63.37980651855469
1779,500,0,63.48228073120117
1919,624,0,63.55312728881836
1918,621,0,63.631752014160156
1814,539,0,63.8748779296875
1368,88,0,64.3350601196289
1316,40,0,64.47480010986328
1683,406,0,64.69930267333984
1750,474,0,65.03076171875
1357,82,0,65.0384521484375
1515,231,0,65.04613494873047
1809,533,0,65.57438659667969
1285,15,0,65.67343139648438
1470,203,0,65.79513549804688
1773,450,0,65.802734375
1404,115,0,66.12110137939453
1330,54,0,66.34003448486328
1364,83,0,66.51315307617188
1861,575,0,66.663330078125
1567,285,0,66.70082092285156
1398,142,0,67.2235107421875
1776,494,0,67.3498306274414
1811,536,0,67.76429748535156
1390,97,0,68.10286712646484
1830,555,0,68.16890716552734
1881,591,0,68.28616333007812
1391,133,0,68.53466033935547
1362,80,0,69.24594116210938
1874,587,0,69.34695434570312
1580,302,0,69.38299560546875
1386,133,0,69.5988540649414
1392,133,0,69.60603332519531
1402,131,0,69.60603332519531
1936,640,0,69.61322021484375
1715,437,0,69.8856201171875
1509,226,0,69.94283294677734
1299,23,0,70.41307067871094
1870,582,0,70.4698486328125
1823,546,0,70.64701080322266
1897,602,0,70.85195922851562
1373,97,0,70.85901641845703
1307,39,0,71.14070892333984
1639,372,0,71.21095275878906
1749,473,0,71.4422836303711
785,945,0,71.54718780517578
1301,24,0,71.72168731689453
1827,547,0,71.9027099609375
1771,496,0,72.29107666015625
1548,272,0,72.59476470947266
1668,447,0,72.65673065185547
1743,467,0,72.71863555908203
1394,144,0,72.85602569580078
1589,307,0,72.92462158203125
1288,20,0,73.30757141113281
1808,535,0,73.34166717529297
1365,113,0,74.08103942871094
1950,629,0,74.67931365966797
1745,465,0,74.97999572753906
1860,576,0,74.98666381835938
1393,102,0,75.17313385009766
1314,50,0,75.52483367919922
1336,61,0,75.78258514404297
1481,209,0,76.30203247070312
1782,505,0,76.3609848022461
469,309,0,76.58329010009766
64,427,0,76.78541564941406
1433,165,0,76.86351776123047
405,427,0,76.92203521728516
836,461,0,77.09734344482422
63,426,0,77.30459594726562
1535,179,0,78.0
1554,274,0,78.03204345703125
1333,59,0,78.08329010009766
404,426,0,78.12809753417969
1420,145,0,78.15369415283203
1643,380,0,78.2048568725586
1493,351,0,79.59899139404297
1872,524,0,79.91870880126953
1444,374,0,80.0
1923,627,0,80.33056640625
1889,569,0,80.59776306152344
1296,21,0,80.65357971191406
1063,82,0,80.6845703125
1843,495,0,80.85790252685547
1686,407,0,80.93206787109375
1618,352,0,81.20960235595703
1445,180,0,81.7557373046875
1397,110,0,82.02438354492188
1871,523,0,82.29216003417969
1346,77,0,82.42572784423828
1341,69,0,82.97589874267578
1361,91,0,83.19855499267578
1448,309,0,83.63013458251953
1575,296,0,83.82720184326172
1021,954,0,83.92854309082031
1553,277,0,84.15461730957031
1806,527,0,84.49259948730469
1303,29,0,84.54584503173828
1708,532,0,84.56358337402344
1452,240,0,84.7643814086914
1136,426,0,84.82334899902344
1757,478,0,85.58621215820312
471,308,0,85.99418640136719
1927,831,0,86.3655014038086
1841,649,0,87.15503692626953
1934,639,0,88.76373291015625
472,309,0,89.33084869384766
1585,373,0,89.67720031738281
1447,308,0,90.07774353027344
1406,128,0,90.26073455810547
468,308,0,90.93404388427734
407,423,0,91.1866226196289
1612,343,0,91.2249984741211
1691,418,0,91.27979278564453
1879,617,0,91.60240173339844
1707,436,0,92.49864959716797
1801,374,0,92.7361831665039
1135,427,0,92.95159912109375
1561,284,0,93.57350158691406
1139,167,0,94.06912231445312
1768,353,0,94.22313690185547
1946,628,0,94.52513122558594
835,461,0,95.02631378173828
1935,615,0,95.51439666748047
1635,369,0,96.53496551513672
1270,945,0,96.62297821044922
786,960,0,97.10818481445312
1140,427,0,97.23682403564453
1764,490,0,97.87236785888672
1899,642,0,98.39715576171875
1547,205,0,98.7825927734375
1387,119,0,98.93431854248047
1730,364,0,99.1665267944336
1475,200,0,99.18164825439453
1253,960,0,100.24968719482422
1713,535,0,100.74720764160156
1525,237,0,101.09896087646484
1297,18,0,101.42485046386719
1352,73,0,101.53816986083984
1804,421,0,102.1175765991211
1461,193,0,102.34745025634766
1902,637,0,102.6985855102539
1728,453,0,102.84454345703125
1787,575,0,103.00970458984375
1835,524,0,103.1649169921875
1269,933,0,103.59536743164062
406,422,0,103.70631408691406
1564,286,0,103.72077941894531
1944,658,0,103.79788208007812
377,461,0,104.177734375
1876,480,0,104.26888275146484
1050,960,0,104.31682586669922
1211,945,0,105.22832489013672
1576,295,0,105.46563720703125
985,42,0,105.52250671386719
1313,48,0,105.8583984375
1134,168,0,106.19792938232422
1726,659,0,106.85504150390625
604,310,0,107.29399108886719
1353,85,0,107.52208709716797
1593,314,0,107.58252716064453
1883,751,0,107.74507141113281
1382,104,0,108.17578125
1523,234,0,109.01834869384766
1665,389,0,109.0550308227539
1594,318,0,109.23369598388672
1133,424,0,109.60382843017578
1741,463,0,109.97272491455078
1322,49,0,110.63001251220703
1572,361,0,110.86929321289062
1653,383,0,111.24298095703125
1900,831,0,111.61988830566406
1415,134,0,111.8659896850586
470,744,0,111.88386535644531
1388,123,0,112.01785278320312
879,42,0,112.54332733154297
1609,356,0,112.65877532958984
1921,623,0,113.05751037597656
1528,238,0,113.2254409790039
1034,960,0,113.49449157714844
1187,954,0,113.54734802246094
1340,70,0,113.62657928466797
1551,394,0,113.9254150390625
403,422,0,113.96051788330078
1882,649,0,114.35908508300781
1348,72,0,114.60802459716797
795,916,0,115.31695556640625
1610,347,0,115.9698257446289
1371,141,0,116.46458435058594
1601,332,0,117.42657470703125
1625,351,0,117.86856842041016
1865,554,0,118.57486724853516
603,308,0,118.58751678466797
1831,556,0,118.68866729736328
1834,523,0,118.80236053466797
1622,951,0,120.16654968261719
1930,340,0,120.16654968261719
1186,82,0,120.21231079101562
1595,324,0,121.10739135742188
982,923,0,121.43722534179688
1169,972,0,121.49073791503906
1824,511,0,121.56068420410156
1700,368,0,121.82774353027344
1794,585,0,121.84416198730469
1614,345,0,122.1187973022461
1608,255,0,122.29881286621094
506,272,0,122.32743072509766
1729,452,0,123.26799774169922
1645,381,0,123.32071685791016
1401,142,0,123.81841278076172
1516,304,0,123.83456420898438
1898,300,0,124.83989715576172
1795,516,0,124.93598175048828
1792,466,0,125.09596252441406
1204,703,0,125.52688598632812
860,659,0,125.82527923583984
1089,103,0,127.08658599853516
1283,5,0,127.45980072021484
1168,972,0,127.66753387451172
1517,303,0,127.85929870605469
1260,6,0,128.08981323242188
1775,496,0,128.08981323242188
1524,235,0,128.3783416748047
740,223,0,128.45233154296875
1529,423,0,128.56126403808594
1850,654,0,128.67401123046875
908,697,0,129.87686157226562
278,167,0,130.23440551757812
1906,607,0,130.487548828125
1677,404,0,130.64456176757812
1417,422,0,130.6751708984375
1549,205,0,131.54466247558594
1025,102,0,132.08331298828125
793,2,0,132.4122314453125
281,318,0,132.75164794921875
279,232,0,132.81942749023438
744,960,0,133.03758239746094
1125,461,0,133.94775390625
726,724,0,134.5399627685547
1550,255,0,134.75904846191406
1607,265,0,135.29966735839844
1616,421,0,135.97793579101562
1488,211,0,136.242431640625
533,280,0,136.3341522216797
1165,666,0,136.38914489746094
1588,306,0,136.6125946044922
1414,159,0,136.93063354492188
1380,111,0,137.24066162109375
473,167,0,137.64447021484375
858,461,0,137.9420166015625
1010,972,0,138.5243682861328
1955,606,0,138.66867065429688
1532,246,0,138.7587890625
1583,299,0,139.42739868164062
1261,7,0,139.97499084472656
1100,666,0,139.98928833007812
1431,162,0,140.24977111816406
696,42,0,140.2640380859375
1949,761,0,141.74978637695312
1082,461,0,141.9189910888672
746,950,0,142.2638397216797
402,173,0,142.42892456054688
980,697,0,142.4640350341797
1465,196,0,142.52017211914062
675,255,0,143.30038452148438
1154,666,0,143.32479858398438
1454,384,0,143.78456115722656
1642,379,0,143.78456115722656
1791,522,0,143.8123779296875
556,221,0,143.85409545898438
1623,356,0,144.36758422851562
551,772,0,144.74114990234375
1085,129,0,145.07240295410156
283,234,0,145.09307861328125
932,697,0,145.1723175048828
710,272,0,145.71546936035156
1619,543,0,147.69224548339844
1416,425,0,148.15869140625
1028,113,0,148.54965209960938
1765,793,0,148.65396118164062
850,859,0,148.84555053710938
1191,715,0,149.0369110107422
313,280,0,149.17774963378906
892,929,0,149.3485870361328
1190,715,0,149.43226623535156
1150,97,0,149.57272338867188
227,891,0,149.72640991210938
1102,103,0,150.02999877929688
1836,615,0,150.02999877929688
1719,390,0,150.05332946777344
522,394,0,150.15658569335938
767,950,0,150.3163299560547
616,859,0,150.8011932373047
1477,255,0,151.44305419921875
1230,42,0,151.52227783203125
1842,751,0,151.5321807861328
1379,89,0,152.57456970214844
1138,321,0,152.84632873535156
1793,555,0,153.09800720214844
1887,240,0,153.16331481933594
1137,319,0,153.2285919189453
747,950,0,153.67172241210938
1632,370,0,153.67823791503906
1890,595,0,154.73202514648438
1634,919,0,155.13864135742188
335,286,0,155.29005432128906
1418,423,0,155.57313537597656
816,361,0,155.58920288085938
749,950,0,155.63096618652344
1939,647,0,155.86212158203125
1410,145,0,155.9102325439453
348,929,0,156.076904296875
1954,636,0,157.05731201171875
1752,450,0,157.076416015625
1744,303,0,157.6134490966797
594,506,0,157.96835327148438
965,287,0,157.98101806640625
1110,372,0,158.075927734375
280,238,0,158.0885772705078
1090,951,0,158.40138244628906
1577,984,0,159.05030822753906
939,961,0,159.14459228515625
475,468,0,159.1697235107422
1116,136,0,159.4992218017578
1079,951,0,159.984375
1932,264,0,160.2310791015625
1805,240,0,160.52725219726562
1903,753,0,160.65179443359375
1489,310,0,160.93788146972656
1241,159,0,161.15830993652344
1228,42,0,161.76217651367188
1503,294,0,161.9011993408203
1498,356,0,162.0956573486328
1855,505,0,162.44383239746094
614,143,0,163.16249084472656
401,167,0,163.2299041748047
1413,138,0,163.6154022216797
817,19,0,163.62762451171875
1151,666,0,163.7314910888672
1403,132,0,163.77728271484375
474,310,0,164.57217407226562
1251,954,0,164.61166381835938
1617,240,0,165.03030395507812
105,929,0,165.04847717285156
1604,553,0,165.36927795410156
1280,3,0,165.98193359375
1945,50,0,165.9849395751953
1896,579,0,166.06324768066406
552,879,0,166.23477172851562
1227,42,0,166.41514587402344
1962,667,0,166.7033233642578
1099,951,0,166.93711853027344
559,929,0,167.00299072265625
1453,184,0,167.23934936523438
998,282,0,167.7706756591797
775,221,0,168.27952575683594
867,152,0,168.350830078125
1041,703,0,168.54080200195312
1356,933,0,168.64459228515625
717,659,0,168.7779541015625
1546,649,0,169.31332397460938
770,287,0,169.46090698242188
1822,421,0,169.8499298095703
1758,615,0,170.1793212890625
1295,23,0,170.42593383789062
967,891,0,170.50807189941406
254,879,0,170.75128173828125
1491,282,0,170.7834930419922
1739,228,0,171.12860107421875
282,310,0,171.1519775390625
359,461,0,171.33009338378906
568,951,0,171.6508026123047
1812,448,0,171.95639038085938
777,40,0,172.794677734375
743,589,0,173.23394775390625
360,461,0,173.49063110351562
1891,282,0,173.84475708007812
857,394,0,174.18667602539062
1596,211,0,174.64822387695312
1232,372,0,174.71405029296875
1343,78,0,174.7598419189453
488,772,0,175.61605834960938
1147,394,0,177.09320068359375
489,879,0,177.2484130859375
1725,461,0,177.5161895751953
1724,449,0,177.5697021484375
792,40,0,177.6822967529297
1582,298,0,178.19371032714844
1266,961,0,178.61410522460938
1056,132,0,178.87985229492188
910,361,0,179.34603881835938
927,223,0,179.3822784423828
1652,295,0,180.28033447265625
1640,815,0,180.4937744140625
204,40,0,180.75950622558594
1620,879,0,181.46900939941406
1892,573,0,183.2866668701172
1109,372,0,183.31121826171875
369,880,0,183.89942932128906
766,223,0,184.1005096435547
1956,587,0,184.36648559570312
458,88,0,184.4586639404297
1075,97,0,184.7187042236328
1658,23,0,184.95675659179688
1512,821,0,185.20529174804688
1654,23,0,185.36990356445312
157,364,0,185.4723663330078
196,22,0,185.6151885986328
1422,951,0,185.74176025390625
1405,450,0,186.08062744140625
311,275,0,186.34645080566406
802,920,0,186.4617919921875
1315,37,0,186.58509826660156
1655,23,0,186.67886352539062
440,188,0,186.7592010498047
461,365,0,187.43531799316406
964,961,0,187.4806671142578
325,364,0,188.0930633544922
1781,222,0,188.23655700683594
1650,271,0,189.0079345703125
738,223,0,189.26171875
830,960,0,189.90260314941406
370,879,0,190.14205932617188
1846,205,0,190.3601837158203
1278,11,0,190.6095428466797
1778,654,0,190.6200408935547
915,46,0,190.67250061035156
771,334,0,190.70657348632812
294,392,0,190.77735900878906
1264,945,0,190.79307556152344
871,439,0,191.4131622314453
378,234,0,191.5124053955078
1115,99,0,191.77590942382812
1659,23,0,192.79263305664062
1175,836,0,192.8004150390625
948,703,0,192.87301635742188
516,891,0,192.9093017578125
1866,589,0,192.953369140625
650,211,0,193.52001953125
375,475,0,193.5251922607422
1335,46,0,193.59751892089844
507,205,0,194.01803588867188
1684,362,0,194.35791015625
1257,703,0,195.0205078125
574,422,0,195.84432983398438
916,46,0,196.16064453125
1711,216,0,196.5655059814453
651,236,0,196.57823181152344
938,79,0,196.6011199951172
876,43,0,196.6163787841797
761,42,0,196.7434844970703
1202,954,0,197.1902618408203
647,211,0,197.43606567382812
781,872,0,197.89138793945312
1943,657,0,198.8818817138672
890,848,0,199.95748901367188
1254,22,0,200.0574951171875
796,953,0,200.35968017578125
1040,255,0,200.57916259765625
315,772,0,200.66888427734375
639,445,0,200.92784118652344
1308,848,0,201.16908264160156
275,649,0,201.76470947265625
776,620,0,201.89601135253906
521,941,0,201.9504852294922
195,959,0,202.9950714111328
1854,421,0,203.5657196044922
1631,152,0,204.12005615234375
1141,958,0,204.12741088867188
630,394,0,204.5018310546875
989,954,0,204.5629425048828
648,321,0,204.76815795898438
1886,421,0,205.00732421875
1167,190,0,205.16578674316406
1660,23,0,205.2145233154297
424,461,0,205.2534942626953
862,22,0,205.6112823486328
1510,228,0,205.8057403564453
465,461,0,205.8980255126953
870,353,0,206.08978271484375
943,18,0,206.261962890625
1238,159,0,206.42431640625
660,461,0,206.5623321533203
903,871,0,206.61801147460938
926,65,0,206.82843017578125
1630,436,0,207.02415466308594
1293,30,0,207.69448852539062
136,890,0,207.8196258544922
1399,341,0,207.84368896484375
1097,229,0,208.01922607421875
983,275,0,208.6288604736328
1273,9,0,208.6696014404297
813,142,0,208.7079315185547
1277,42,0,209.08370971679688
1279,40,0,209.37525939941406
700,749,0,209.42539978027344
1859,549,0,209.51133728027344
376,809,0,209.97142028808594
1158,535,0,210.03570556640625
1651,311,0,210.076171875
444,445,0,210.6276397705078
1149,920,0,211.21080017089844
1698,571,0,211.61285400390625
1421,153,0,211.6671905517578
467,132,0,211.8088836669922
1450,271,0,212.4758758544922
1287,100,0,213.4057159423828
585,827,0,213.56263732910156
243,724,0,214.47145080566406
798,40,0,214.83016967773438
443,390,0,214.8790283203125
1152,945,0,215.02325439453125
914,697,0,215.09068298339844
834,156,0,215.29747009277344
643,188,0,215.8101043701172
494,108,0,215.99305725097656
221,384,0,216.04165649414062
1597,307,0,216.1851043701172
734,275,0,216.19898986816406
529,879,0,216.25448608398438
487,250,0,216.39085388183594
904,623,0,217.39825439453125
1674,899,0,217.7039337158203
833,24,0,217.9403533935547
1126,776,0,218.1306915283203
1542,898,0,218.28880310058594
528,880,0,218.47425842285156
931,67,0,218.92921447753906
352,883,0,219.08445739746094
1672,513,0,219.481201171875
1579,742,0,219.64971923828125
1292,30,0,219.7066192626953
1844,648,0,220.08407592773438
397,303,0,220.5810546875
76,272,0,221.48362731933594
809,229,0,221.97071838378906
1501,953,0,222.21160888671875
260,50,0,222.3353271484375
1810,889,0,222.38479614257812
654,238,0,222.50393676757812
783,682,0,222.614013671875
1884,825,0,222.6499481201172
1210,703,0,222.71505737304688
152,461,0,223.0224151611328
21,461,0,223.11431884765625
1016,978,0,223.47706604003906
299,199,0,223.8124237060547
223,315,0,224.11827087402344
316,879,0,224.23648071289062
895,50,0,224.4237060546875
946,68,0,224.4237060546875
913,46,0,224.55734252929688
201,461,0,224.81103515625
864,20,0,225.3330841064453
917,62,0,225.37745666503906
372,953,0,225.57481384277344
1064,436,0,225.6125030517578
1953,959,0,225.87164306640625
1496,879,0,226.150390625
1430,158,0,226.76199340820312
100,492,0,226.87442016601562
633,879,0,227.1387176513672
247,534,0,227.43350219726562
457,513,0,227.62249755859375
1961,646,0,227.69717407226562
1259,0,0,227.89691162109375
1122,891,0,228.5694580078125
1688,416,0,228.75750732421875
845,30,0,229.07421875
1338,26,0,229.1004180908203
1586,325,0,229.18551635742188
823,150,0,229.85865783691406
337,648,0,230.07608032226562
1281,836,0,230.42352294921875
276,751,0,231.35470581054688
220,431,0,231.4541015625
286,959,0,231.61822509765625
431,394,0,232.1357421875
333,292,0,232.54246520996094
787,21,0,232.63705444335938
940,872,0,232.84544372558594
499,254,0,232.9334716796875
659,436,0,233.39451599121094
1108,112,0,233.42022705078125
1124,162,0,233.6621551513672
366,417,0,233.75628662109375
1466,205,0,233.78195190429688
1878,50,0,233.9871826171875
525,12,0,234.008544921875
984,73,0,234.3715057373047
642,265,0,234.4013671875
573,405,0,234.61244201660156
1409,156,0,234.64654541015625
1246,252,0,234.93829345703125
238,1,0,235.03404235839844
1057,954,0,235.03404235839844
1224,706,0,235.06594848632812
1233,703,0,235.27430725097656
886,445,0,235.4123992919922
338,22,0,235.63955688476562
1495,880,0,235.7562255859375
1706,239,0,236.10379028320312
1017,971,0,236.2858428955078
679,657,0,236.45083618164062
737,280,0,236.7255859375
754,67,0,237.03585815429688
742,27,0,237.41525268554688
1258,707,0,237.4342041015625
453,543,0,237.48684692382812
553,513,0,237.5626220703125
1915,210,0,238.03781127929688
772,701,0,238.88072204589844
466,815,0,239.12757873535156
732,589,0,239.4514617919922
305,277,0,239.56210327148438
222,172,0,239.71441650390625
1669,815,0,240.0999755859375
1533,730,0,240.5410614013672
799,919,0,241.1120147705078
1172,185,0,241.188720703125
134,152,0,241.26333618164062
177,327,0,241.37730407714844
182,183,0,241.4539337158203
1091,808,0,241.57814025878906
356,953,0,241.79949951171875
977,954,0,241.91526794433594
774,152,0,242.14251708984375
1446,926,0,242.1466522216797
1153,99,0,242.247802734375
575,378,0,242.4644317626953
729,117,0,242.71176147460938
928,67,0,242.90121459960938
323,284,0,242.99794006347656
804,21,0,243.00205993652344
1208,155,0,243.19334411621094
1500,952,0,243.26528930664062
825,303,0,243.3598175048828
208,272,0,243.485107421875
640,959,0,243.565185546875
1852,543,0,243.6821746826172
1036,951,0,243.7662811279297
891,984,0,244.10858154296875
750,731,0,244.32765197753906
875,44,0,244.33787536621094
1705,421,0,244.8264617919922
1072,703,0,244.9020233154297
1244,67,0,245.10202026367188
1951,961,0,245.58908081054688
1309,959,0,246.5583038330078
909,124,0,247.0
1183,190,0,247.1457061767578
702,104,0,247.4974822998047
779,682,0,248.67047119140625
1247,821,0,248.73480224609375
546,183,0,249.12045288085938
1180,190,0,249.42733764648438
1038,145,0,249.46743774414062
266,531,0,249.7819061279297
812,119,0,250.03199768066406
355,436,0,250.1179656982422
1274,173,0,250.49551391601562
245,980,0,250.5972900390625
1070,159,0,250.81466674804688
121,483,0,250.8605194091797
1207,156,0,251.14935302734375
727,719,0,251.39013671875
1813,547,0,251.47366333007812
962,214,0,251.7617950439453
1320,47,0,251.91268920898438
1225,707,0,252.18841552734375
181,937,0,253.0948486328125
803,919,0,253.26666259765625
564,440,0,253.33180236816406
310,1,0,253.4462432861328
527,914,0,253.46400451660156
296,205,0,253.48175048828125
175,470,0,253.58627319335938
731,364,0,253.94683837890625
1120,175,0,254.07676696777344
1885,492,0,254.1121826171875
1818,785,0,254.4071502685547
821,489,0,254.6527099609375
1029,107,0,255.41339111328125
445,65,0,255.46820068359375
1337,65,0,255.8437042236328
1942,623,0,255.958984375
773,529,0,256.29473876953125
994,590,0,256.4293212890625
1531,251,0,256.50537109375
138,384,0,256.6709899902344
326,684,0,256.8540344238281
1664,193,0,256.9922180175781
392,529,0,257.2411193847656
1119,929,0,257.40240478515625
384,292,0,257.49951171875
1369,815,0,257.49951171875
491,20,0,257.53253173828125
1268,951,0,257.769287109375
112,718,0,258.4666442871094
1663,614,0,258.87255859375
1267,386,0,258.9459533691406
380,772,0,258.9806823730469
797,882,0,259.2084045410156
736,669,0,259.8056945800781
1037,415,0,260.28253173828125
690,514,0,260.8811950683594
218,614,0,260.9540100097656
385,758,0,260.9559326171875
711,589,0,261.3713684082031
341,543,0,261.6505432128906
828,959,0,262.32421875
1242,189,0,262.3261413574219
259,767,0,262.373779296875
1105,20,0,262.9657897949219
615,590,0,263.2641296386719
462,776,0,263.3457946777344
130,265,0,263.5279846191406
272,522,0,263.75177001953125
859,723,0,263.8294982910156
1396,257,0,264.0189514160156
1234,707,0,264.1419982910156
1245,82,0,264.26690673828125
1848,217,0,264.35205078125
684,23,0,264.73382568359375
135,396,0,264.9943542480469
396,764,0,265.3582458496094
1062,412,0,265.4128723144531
349,682,0,265.4712829589844
663,906,0,266.5182800292969
935,953,0,266.5689392089844
972,72,0,266.6308288574219
225,151,0,266.8763732910156
492,18,0,266.8876037597656
620,8,0,266.9606628417969
1179,827,0,267.3162841796875
438,187,0,267.39483642578125
635,122,0,267.9402770996094
312,22,0,268.1268310546875
1506,464,0,268.4231872558594
706,589,0,268.4809265136719
1449,311,0,268.50140380859375
1957,991,0,268.57958984375
753,292,0,268.78057861328125
1675,823,0,269.024169921875
801,453,0,269.091064453125
92,22,0,269.15423583984375
963,694,0,269.17095947265625
976,368,0,269.4512939453125
1709,479,0,269.61639404296875
957,694,0,269.6627502441406
1518,177,0,269.8721923828125
219,450,0,270.2165832519531
764,73,0,270.3608703613281
423,724,0,270.4718017578125
1174,543,0,270.7175598144531
237,751,0,270.9409484863281
941,919,0,271.0516662597656
320,386,0,271.3319091796875
96,507,0,271.5971374511719
236,476,0,271.6468200683594
1286,79,0,271.73516845703125
382,547,0,271.95404052734375
1004,289,0,272.1102600097656
451,475,0,272.1966247558594
685,132,0,272.2535705566406
93,703,0,272.2608947753906
452,957,0,272.3985900878906
328,184,0,272.85528564453125
934,706,0,273.076904296875
354,294,0,273.16845703125
14,531,0,273.1977233886719
450,651,0,273.4593200683594
975,603,0,273.47027587890625
371,50,0,273.5415954589844
1507,543,0,273.6311340332031
1240,443,0,273.6968994140625
748,46,0,273.77362060546875
571,150,0,273.7827453613281
205,959,0,273.86859130859375
1171,732,0,274.4066467285156
1071,631,0,275.04180908203125
884,194,0,275.2944030761719
956,214,0,275.3579406738281
1958,666,0,275.6283874511719
942,82,0,276.0362243652344
11,340,0,276.2154846191406
224,78,0,276.3294982910156
526,189,0,276.6333312988281
1052,183,0,276.80859375
661,270,0,277.1064758300781
814,953,0,277.166015625
1838,69,0,277.5589904785156
1250,707,0,277.67425537109375
61,265,0,277.7624816894531
346,695,0,277.78948974609375
277,50,0,278.11688232421875
478,265,0,278.172607421875
653,33,0,278.27685546875
353,825,0,278.5336608886719
576,254,0,278.6269836425781
901,706,0,278.9767150878906
1591,313,0,279.1934814453125
699,185,0,279.2651062011719
180,321,0,279.3528137207031
256,454,0,279.454833984375
1636,464,0,279.6354675292969
929,623,0,279.6605224609375
1425,112,0,279.66229248046875
1863,22,0,279.87139892578125
446,362,0,279.9232177734375
1049,50,0,279.966064453125
1331,900,0,280.1178283691406
24,498,0,280.1749572753906
1003,218,0,280.2998352050781
199,762,0,280.7400817871094
1847,134,0,281.3627624511719
638,183,0,281.3645324707031
345,820,0,281.4622497558594
271,564,0,281.472900390625
588,19,0,281.9858093261719
739,81,0,282.02838134765625
285,979,0,282.22332763671875
1156,739,0,282.34906005859375
735,670,0,282.4641418457031
584,578,0,282.47125244140625
399,724,0,282.49603271484375
997,697,0,282.5597229003906
1265,703,0,282.6694030761719
1146,592,0,282.6941833496094
1877,724,0,283.0724182128906
340,556,0,283.287841796875
1770,14,0,283.388427734375
1007,346,0,283.8503112792969
239,991,0,283.91900634765625
449,650,0,284.042236328125
662,723,0,284.06512451171875
389,471,0,284.1214599609375
608,810,0,284.3237609863281
1911,549,0,284.3237609863281
869,623,0,284.6805114746094
822,226,0,284.7068786621094
1514,14,0,284.80694580078125
733,67,0,284.8192443847656
861,74,0,284.8367919921875
1087,2,0,286.485595703125
842,523,0,286.5972900390625
321,516,0,286.9093933105469
16,491,0,287.0052185058594
1009,196,0,287.5656433105469
258,204,0,287.8245849609375
309,669,0,287.84197998046875
1696,362,0,288.3383483886719
1857,548,0,288.8650207519531
1656,185,0,288.9307861328125
587,395,0,289.37347412109375
329,755,0,289.4563903808594
1104,492,0,289.5082092285156
885,269,0,289.5634765625
1239,707,0,289.5772705078125
1537,578,0,289.6221618652344
202,469,0,289.7895812988281
383,548,0,290.0810241699219
900,205,0,290.33599853515625
1332,942,0,290.4772033691406
978,702,0,290.7731018066406
625,187,0,291.2730712890625
569,244,0,291.5235900878906
1248,934,0,291.6316223144531
780,703,0,291.6899108886719
12,921,0,291.78759765625
933,257,0,292.354248046875
459,50,0,292.8139343261719
971,407,0,292.83441162109375
0,522,0,292.8822326660156
246,687,0,292.95733642578125
51,571,0,293.1211242675781
1201,618,0,293.17401123046875
442,909,0,293.257568359375
91,764,0,293.358154296875
582,140,0,293.3819885253906
707,205,0,293.4024658203125
536,775,0,293.5268249511719
612,948,0,293.64605712890625
752,906,0,293.6800842285156
441,648,0,293.7499084472656
342,193,0,293.9166564941406
495,818,0,294.0884094238281
829,22,0,294.50128173828125
863,6,0,294.59124755859375
1170,945,0,294.6811828613281
1479,242,0,294.7371826171875
1833,849,0,294.8016357421875
1005,388,0,295.0033874511719
244,516,0,295.059326171875
966,498,0,295.1304931640625
430,818,0,295.1406555175781
704,287,0,295.1542053222656
1002,105,0,295.24566650390625
429,528,0,295.3150939941406
2,69,0,295.41326904296875
1006,568,0,295.5266418457031
343,530,0,295.97296142578125
42,724,0,296.1435546875
1638,574,0,296.593994140625
486,805,0,296.6277160644531
189,621,0,296.67828369140625
252,441,0,296.76422119140625
722,357,0,296.9242248535156
1785,825,0,296.93096923828125
1129,162,0,297.1279296875
409,288,0,297.51470947265625
683,498,0,297.8724670410156
794,11,0,297.9060363769531
1014,440,0,297.9647521972656
1252,938,0,298.0603942871094
414,514,0,298.4241943359375
500,298,0,298.45098876953125
855,31,0,298.7557678222656
26,46,0,298.94647216796875
1687,33,0,298.95318603515625
150,242,0,298.9899597167969
532,531,0,299.07525634765625
549,979,0,299.377685546875
872,86,0,299.5730285644531
1159,20,0,299.7899169921875
1094,971,0,299.9466552734375
1455,185,0,299.9816589355469
501,953,0,300.3031921386719
226,599,0,300.3281555175781
1816,898,0,300.4563293457031
676,922,0,300.5644836425781
593,7,0,300.627685546875
1098,323,0,300.627685546875
439,412,0,300.6775817871094
167,842,0,300.9833984375
158,501,0,301.3121337890625
1363,574,0,301.92547607421875
923,350,0,302.00994873046875
626,109,0,302.11090087890625
213,618,0,302.7143859863281
810,514,0,302.9488525390625
1563,505,0,302.96038818359375
365,863,0,303.0742492675781
1354,706,0,303.09735107421875
557,36,0,303.16168212890625
420,386,0,303.1946716308594
290,456,0,303.501220703125
435,158,0,303.6922912597656
1055,90,0,303.7926940917969
906,776,0,303.8206787109375
116,870,0,303.9868469238281
1127,261,0,304.0838623046875
250,561,0,304.34356689453125
31,497,0,304.5291442871094
837,23,0,304.537353515625
851,119,0,304.7884521484375
581,547,0,304.8606262207031
1839,366,0,305.1343994140625
598,50,0,305.2507019042969
765,227,0,305.3096923828125
143,235,0,305.3997497558594
541,937,0,305.9460754394531
479,441,0,306.1078186035156
297,201,0,306.2041931152344
142,926,0,306.4212646484375
90,763,0,306.7115783691406
103,545,0,306.9820861816406
206,338,0,307.2035217285156
800,4,0,307.2669982910156
782,21,0,307.38250732421875
827,459,0,307.5711364746094
4,6,0,307.644287109375
1031,458,0,307.7401428222656
841,953,0,307.76776123046875
668,766,0,307.9204406738281
580,548,0,307.9366760253906
849,23,0,308.0178527832031
242,81,0,308.0941467285156
215,519,0,308.2385559082031
1482,908,0,308.5320129394531
534,765,0,308.64056396484375
741,303,0,308.7393798828125
408,798,0,308.9822082519531
1856,658,0,309.1261901855469
561,508,0,309.2215881347656
6,650,0,309.3056640625
334,26,0,309.3072814941406
730,707,0,309.5448303222656
161,947,0,309.7692565917969
1206,357,0,309.85479736328125
1685,579,0,309.9903259277344
169,11,0,310.1177062988281
80,183,0,310.17413330078125
1235,706,0,310.1838073730469
695,72,0,310.2740783691406
270,295,0,310.2901916503906
1131,327,0,310.4190673828125
563,190,0,310.5092468261719
1513,726,0,310.6396484375
79,543,0,310.8166809082031
37,476,0,310.88262939453125
5,7,0,311.046630859375
922,232,0,311.16876220703125
629,936,0,311.3165588378906
508,926,0,311.3984680175781
361,650,0,311.45947265625
1298,19,0,311.5638122558594
539,948,0,311.5975036621094
1047,47,0,311.6103210449219
391,366,0,311.74346923828125
682,719,0,312.1185607910156
924,989,0,312.1666259765625
20,256,0,312.20025634765625
664,50,0,312.4787902832031
621,483,0,312.5203857421875
1484,121,0,312.55560302734375
524,196,0,312.5747985839844
1490,35,0,312.6371765136719
120,9,0,313.2794189453125
1117,699,0,313.3416748046875
868,482,0,313.34326171875
69,752,0,313.5904846191406
89,521,0,313.6383361816406
1178,346,0,313.6972961425781
368,138,0,313.9697570800781
1960,792,0,314.1416931152344
768,953,0,314.26739501953125
410,289,0,314.2753601074219
25,538,0,314.5075378417969
579,521,0,314.5091552734375
636,30,0,314.6521911621094
1111,491,0,314.8396301269531
723,39,0,314.9349060058594
318,229,0,314.958740234375
979,464,0,314.99365234375
419,567,0,315.2380065917969
173,358,0,315.27288818359375
241,804,0,315.3172912597656
1123,155,0,315.3268127441406
231,155,0,315.3442687988281
186,383,0,315.6976318359375
1173,924,0,315.86865234375
1840,653,0,316.20404052734375
523,208,0,316.3826904296875
808,123,0,316.595947265625
503,817,0,316.6054382324219
265,688,0,316.6922912597656
1042,415,0,316.9163818359375
824,362,0,317.01104736328125
1459,7,0,317.02996826171875
592,627,0,317.0567626953125
1912,562,0,317.1009216308594
517,508,0,317.1119689941406
815,416,0,317.1971130371094
504,921,0,317.40667724609375
153,22,0,317.68853759765625
986,855,0,318.14776611328125
919,592,0,318.19647216796875
1093,772,0,318.2310485839844
151,953,0,318.31744384765625
709,29,0,318.5718078613281
583,353,0,318.6220397949219
540,78,0,318.714599609375
907,112,0,318.8416442871094
436,847,0,318.94671630859375
176,181,0,319.10186767578125
101,239,0,319.463623046875
304,858,0,319.6200866699219
214,497,0,319.7326965332031
791,122,0,319.7452087402344
784,46,0,319.8390197753906
179,764,0,320.0515441894531
381,589,0,320.2577209472656
1015,937,0,320.2655029296875
673,669,0,320.3607482910156
172,938,0,320.630615234375
379,163,0,320.6633605957031
955,622,0,320.8831481933594
115,695,0,320.8878173828125
9,72,0,320.9781799316406
1019,82,0,321.1012268066406
678,693,0,321.260009765625
1176,633,0,321.42962646484375
712,138,0,321.5291442871094
826,879,0,321.74212646484375
1160,6,0,321.9844665527344
1198,795,0,321.9875793457031
53,38,0,322.021728515625
759,122,0,322.3677978515625
155,497,0,322.4267272949219
1786,516,0,322.6422119140625
602,177,0,322.68560791015625
1027,941,0,322.7073059082031
390,498,0,322.98297119140625
496,342,0,323.1067810058594
48,529,0,323.27850341796875
628,86,0,323.4192199707031
974,702,0,323.52435302734375
163,303,0,323.6541442871094
652,279,0,323.7159118652344
515,257,0,323.908935546875
284,895,0,323.97222900390625
191,261,0,324.09259033203125
1697,718,0,324.1866760253906
1464,455,0,324.7214050292969
156,497,0,324.9107666015625
889,40,0,325.08306884765625
50,20,0,325.1768798828125
207,762,0,325.4765625
902,488,0,325.918701171875
75,25,0,326.0674743652344
1236,73,0,326.2085266113281
28,762,0,326.24072265625
485,248,0,326.25604248046875
422,696,0,326.2713623046875
1196,151,0,326.390869140625
807,306,0,326.7399597167969
762,183,0,327.13299560546875
1203,760,0,327.365234375
577,175,0,327.41259765625
1020,15,0,327.55303955078125
512,702,0,327.6232604980469
509,183,0,327.7850036621094
1059,673,0,327.91156005859375
1205,836,0,328.00762939453125
437,416,0,328.4539489746094
760,122,0,328.4828796386719
82,6,0,328.58636474609375
627,357,0,328.6228942871094
681,66,0,328.6593933105469
1068,625,0,328.81756591796875
952,627,0,328.9437561035156
262,630,0,329.0106506347656
925,66,0,329.0774841308594
505,189,0,329.1109313964844
43,644,0,329.1595458984375
1058,268,0,329.16864013671875
1592,314,0,329.1792907714844
184,319,0,329.2278747558594
716,270,0,329.28863525390625
644,200,0,329.38580322265625
432,131,0,329.6285705566406
288,557,0,329.70745849609375
421,431,0,329.7286682128906
32,633,0,329.7347412109375
535,695,0,329.8651123046875
805,194,0,329.912109375
692,698,0,329.97576904296875
632,408,0,330.1393737792969
463,901,0,330.3165283203125
170,558,0,330.3694763183594
454,828,0,330.3710021972656
622,335,0,330.4602966308594
203,531,0,330.52685546875
1018,577,0,330.5858459472656
147,861,0,330.6145935058594
1502,800,0,330.67205810546875
1212,477,0,330.8096008300781
41,319,0,331.1329040527344
645,256,0,331.1676330566406
125,724,0,331.849365234375
790,81,0,331.85992431640625
1214,10,0,331.9518127441406
968,358,0,331.97137451171875
197,598,0,332.17315673828125
393,545,0,332.41839599609375
518,509,0,332.637939453125
233,897,0,332.6559753417969
1046,460,0,332.7296142578125
1289,369,0,332.7957458496094
698,556,0,332.890380859375
544,640,0,333.2236633300781
10,333,0,333.2281494140625
911,934,0,333.4591369628906
686,698,0,333.5790710449219
7,281,0,333.5955505371094
843,853,0,333.8637390136719
519,717,0,333.8996887207031
332,369,0,334.0523986816406
881,191,0,334.1900634765625
139,763,0,334.4024658203125
83,906,0,334.4158935546875
613,541,0,334.43084716796875
944,627,0,334.5265197753906
15,861,0,334.7760314941406
1045,695,0,334.8581848144531
623,122,0,334.86712646484375
234,530,0,335.2909240722656
211,664,0,335.3058166503906
991,499,0,335.5592346191406
596,705,0,335.61138916015625
634,777,0,335.6531066894531
566,149,0,335.755859375
257,849,0,335.8243713378906
1164,159,0,335.9375
510,898,0,335.98809814453125
1237,337,0,336.0699462890625
873,87,0,336.2469482421875
1226,779,0,336.3123474121094
88,463,0,336.3376159667969
185,849,0,336.4075012207031
483,577,0,336.7090759277344
1197,794,0,336.7313537597656
599,773,0,336.7640075683594
1262,35,0,336.81744384765625
1130,470,0,336.942138671875
877,58,0,337.11273193359375
988,717,0,337.3158874511719
36,66,0,337.3425598144531
255,983,0,337.36627197265625
480,763,0,337.7143859863281
350,195,0,337.76324462890625
235,531,0,337.84759521484375
293,414,0,338.1405029296875
84,358,0,338.2218322753906
232,81,0,338.2439880371094
611,241,0,338.28094482421875
298,226,0,338.6797790527344
183,50,0,338.8155822753906
1821,878,0,338.827392578125
607,558,0,339.14892578125
188,335,0,339.4274597167969
550,985,0,339.9602966308594
426,506,0,339.9705810546875
137,150,0,340.4820251464844
1084,953,0,340.5700988769531
303,598,0,340.8724060058594
292,715,0,340.8914794921875
993,502,0,340.9779968261719
724,208,0,341.06011962890625
388,953,0,341.07476806640625
1000,498,0,341.1275329589844
1195,301,0,341.4440002441406
1143,183,0,341.4542541503906
168,43,0,341.6328430175781
838,44,0,341.7381896972656
1083,413,0,341.7499084472656
960,67,0,341.7747802734375
1086,66,0,341.96783447265625
119,84,0,342.0979309082031
289,874,0,342.115478515625
655,947,0,342.14178466796875
1457,410,0,342.24114990234375
1255,723,0,342.2513732910156
94,943,0,342.5419616699219
400,840,0,342.8323059082031
565,661,0,342.9052429199219
210,300,0,343.43121337890625
990,37,0,343.54766845703125
363,944,0,343.6102294921875
1815,214,0,343.6349792480469
831,25,0,343.7077331542969
38,964,0,343.7862854003906
160,494,0,343.8604431152344
1060,430,0,343.8749694824219
106,7,0,343.89678955078125
1347,947,0,343.9200439453125
718,618,0,344.1090087890625
322,846,0,344.2716979980469
1035,6,0,344.5518798828125
464,509,0,344.591064453125
1163,554,0,344.64910888671875
728,607,0,344.6621398925781
171,552,0,344.84197998046875
1218,991,0,344.98260498046875
428,335,0,345.1680603027344
866,20,0,345.34765625
18,236,0,345.3795166015625
713,83,0,345.4591064453125
62,33,0,345.4967346191406
1649,220,0,345.55029296875
102,719,0,345.6877136230469
1437,695,0,345.7701416015625
1275,35,0,346.0014343261719
1231,733,0,346.1387023925781
302,253,0,346.15460205078125
59,202,0,346.3423156738281
249,660,0,346.6208190917969
3,153,0,346.6482238769531
19,236,0,346.65545654296875
1145,820,0,347.32550048828125
1276,34,0,347.384521484375
291,487,0,347.44927978515625
118,886,0,347.5399169921875
267,921,0,347.574462890625
95,677,0,347.6161804199219
703,658,0,347.7599792480469
1069,626,0,347.85772705078125
514,608,0,348.0330505371094
73,464,0,348.61297607421875
427,353,0,348.7190856933594
477,719,0,348.7549133300781
538,541,0,348.8366394042969
631,750,0,348.856689453125
530,619,0,348.9082946777344
969,691,0,349.0701904296875
1073,820,0,349.38946533203125
484,247,0,349.5096435546875
558,350,0,349.55828857421875
324,400,0,349.5697326660156
930,707,0,349.6126403808594
425,600,0,349.6784362792969
373,519,0,349.6998596191406
456,590,0,349.765625
308,874,0,349.95855712890625
418,247,0,350.08856201171875
1051,159,0,350.1671142578125
600,677,0,350.2698974609375
610,226,0,350.2827453613281
531,191,0,350.49822998046875
590,141,0,350.6764831542969
769,988,0,350.7007141113281
806,47,0,350.7520446777344
763,180,0,350.7991027832031
87,475,0,350.89599609375
1161,702,0,350.9558410644531
269,911,0,350.9772033691406
689,35,0,351.08544921875
1008,603,0,351.13531494140625
1013,482,0,351.1381530761719
301,208,0,351.21075439453125
1438,591,0,351.3331604003906
367,741,0,351.58355712890625
66,633,0,351.8380432128906
959,313,0,352.0710144042969
140,545,0,352.2200927734375
693,658,0,352.24139404296875
60,847,0,352.3038330078125
1458,6,0,352.5748291015625
416,371,0,352.5889892578125
1321,28,0,352.7208557128906
56,407,0,352.7293701171875
745,428,0,352.82147216796875
55,39,0,352.82574462890625
49,738,0,352.9150085449219
820,690,0,352.9490051269531
295,290,0,352.99151611328125
123,303,0,353.0807189941406
317,271,0,353.09771728515625
1221,705,0,353.1925964355469
141,862,0,353.2605285644531
756,686,0,353.2718505859375
1217,459,0,353.32562255859375
1076,773,0,353.74285888671875
601,509,0,353.9745788574219
413,909,0,354.0550842285156
144,493,0,354.1313171386719
22,581,0,354.20758056640625
595,281,0,354.48553466796875
72,213,0,354.5024719238281
30,870,0,354.6068115234375
572,363,0,354.9422607421875
656,549,0,355.09295654296875
447,577,0,355.2112121582031
947,253,0,355.3294372558594
1157,717,0,355.3829040527344
58,220,0,355.3871154785156
149,38,0,355.58966064453125
513,362,0,355.63043212890625
705,757,0,355.63323974609375
1185,734,0,355.6754150390625
1520,23,0,355.6754150390625
854,549,0,356.0449523925781
1012,184,0,356.0912780761719
1101,164,0,356.4070739746094
490,944,0,356.5487365722656
1181,301,0,356.5935974121094
637,499,0,356.8318786621094
542,889,0,356.9229736328125
331,147,0,357.1036376953125
1189,31,0,357.1162414550781
999,650,0,357.1582336425781
268,231,0,357.21142578125
1067,202,0,357.23101806640625
178,43,0,357.4381103515625
778,135,0,357.5318298339844
562,771,0,357.5723571777344
1825,757,0,357.6436767578125
874,161,0,357.7387390136719
687,353,0,357.80999755859375
209,10,0,357.8365478515625
897,153,0,357.89105224609375
455,794,0,357.9483337402344
476,423,0,357.9580993652344
719,567,0,358.0055847167969
132,120,0,358.02093505859375
307,220,0,358.094970703125
27,324,0,358.1173095703125
958,412,0,358.1689453125
54,278,0,358.2820129394531
537,540,0,358.3113098144531
433,728,0,358.36572265625
415,408,0,358.5093994140625
970,954,0,358.6251525878906
111,735,0,358.6878967285156
973,591,0,358.85650634765625
951,695,0,358.8857727050781
1249,986,0,358.9637756347656
708,35,0,359.48297119140625
1001,184,0,359.6526184082031
35,688,0,359.82080078125
847,120,0,359.84442138671875
448,402,0,359.8513488769531
1521,545,0,359.8583068847656
1229,717,0,359.9444274902344
74,226,0,359.9916687011719
8,889,0,360.08331298828125
1817,169,0,360.2027282714844
386,674,0,360.20550537109375
190,41,0,360.9113464355469
751,565,0,361.1578674316406
677,897,0,361.2782897949219
327,301,0,361.48028564453125
81,677,0,361.4955139160156
198,672,0,361.5148620605469
1772,357,0,361.5190124511719
1177,459,0,361.6932373046875
619,763,0,361.98065185546875
853,402,0,362.0870056152344
898,533,0,362.12841796875
164,618,0,362.2181701660156
52,538,0,362.45550537109375
672,31,0,362.8980712890625
720,214,0,362.90771484375
606,493,0,362.97381591796875
992,707,0,363.20654296875
996,518,0,363.2217102050781
691,685,0,363.2244567871094
555,412,0,363.25885009765625
1300,531,0,363.3758239746094
192,213,0,363.3909606933594
67,297,0,363.550537109375
1142,332,0,363.5849304199219
844,337,0,363.6907958984375
133,577,0,364.01373291015625
217,577,0,364.06591796875
1118,153,0,364.1029968261719
498,861,0,364.2911071777344
617,452,0,364.5696105957031
330,146,0,364.7588195800781
609,358,0,364.8122863769531
1540,363,0,365.0068359375
1351,76,0,365.1889953613281
314,562,0,365.32861328125
412,566,0,365.3778991699219
128,70,0,365.4039001464844
114,633,0,365.4148254394531
554,301,0,365.46270751953125
362,376,0,365.56121826171875
240,86,0,365.5926818847656
1243,540,0,365.6336975097656
605,483,0,366.0915222167969
29,509,0,366.2157897949219
122,683,0,366.2499084472656
57,184,0,366.3318176269531
586,889,0,366.3768615722656
47,647,0,366.5064697265625
339,469,0,366.5283203125
1263,510,0,366.5514831542969
669,644,0,366.5774230957031
788,205,0,366.6647033691406
1096,556,0,366.7287902832031
905,163,0,366.899169921875
1078,27,0,366.9673156738281
880,808,0,366.9768371582031
107,342,0,367.51055908203125
1209,705,0,367.517333984375
497,163,0,367.9606018066406
1349,70,0,368.1996765136719
162,947,0,368.2336120605469
1039,31,0,368.2336120605469
99,763,0,368.449462890625
1378,770,0,368.5186462402344
543,777,0,368.791259765625
591,591,0,369.05419921875
1456,146,0,369.17340087890625
417,383,0,369.2275695800781
287,322,0,369.23162841796875
216,912,0,369.4306335449219
670,468,0,369.4644775390625
364,367,0,369.5010070800781
263,220,0,369.5713806152344
85,633,0,369.65118408203125
936,857,0,369.71881103515625
1429,446,0,369.7674865722656
411,322,0,369.82562255859375
1959,119,0,370.060791015625
688,256,0,370.0932312011719
44,743,0,370.2188415527344
671,820,0,370.36737060546875
1032,88,0,370.3970947265625
520,674,0,370.5374450683594
351,658,0,370.5455322265625
166,236,0,370.5738830566406
1350,59,0,370.67236328125
1584,86,0,371.1482238769531
545,607,0,371.23712158203125
1440,640,0,371.46734619140625
124,87,0,371.4794616699219
1219,52,0,371.5023498535156
511,70,0,371.9838562011719
725,718,0,372.08599853515625
187,39,0,372.0927429199219
251,220,0,372.0994567871094
1272,375,0,372.31304931640625
896,591,0,372.5426025390625
920,35,0,372.64593505859375
1144,161,0,372.7412109375
680,189,0,372.9249267578125
347,647,0,372.9504089355469
110,362,0,373.0911560058594
344,874,0,373.1179504394531
674,357,0,373.56927490234375
1327,70,0,373.6683044433594
894,87,0,373.6964111328125
1043,582,0,373.7178039550781
1312,54,0,373.7351989746094
78,901,0,373.8341979980469
108,180,0,373.9197692871094
1648,446,0,374.0588073730469
165,322,0,374.10693359375
887,613,0,374.1510314941406
253,655,0,374.2659606933594
819,794,0,374.6318054199219
1556,755,0,374.67852783203125
374,768,0,374.69586181640625
1193,874,0,375.1519775390625
658,41,0,375.15728759765625
560,651,0,375.2585754394531
1121,582,0,375.3358459472656
1223,705,0,375.4250793457031
811,335,0,375.5662536621094
618,397,0,376.44256591796875
1,643,0,376.66033935546875
174,153,0,376.7996826171875
398,621,0,376.9336853027344
395,762,0,377.2187805175781
832,192,0,377.2929992675781
460,733,0,377.5010070800781
1436,449,0,377.7750549316406
34,66,0,377.88092041015625
45,375,0,378.2895812988281
1194,705,0,378.3952941894531
589,217,0,378.4811706542969
70,503,0,378.7769775390625
46,766,0,379.03826904296875
789,635,0,379.10552978515625
1220,692,0,379.1820068359375
200,35,0,379.203125
953,162,0,379.2373962402344
1716,680,0,379.2874755859375
40,225,0,379.52337646484375
995,486,0,379.5286560058594
148,639,0,379.677490234375
33,465,0,379.8670959472656
23,261,0,379.9591979980469
1155,32,0,380.0605163574219
1077,633,0,380.9147033691406
918,808,0,381.15875244140625
261,186,0,381.8821716308594
193,545,0,381.9568176269531
273,874,0,382.33624267578125
856,906,0,382.4002990722656
248,448,0,382.47222900390625
229,544,0,382.6865539550781
39,180,0,382.9320983886719
646,499,0,383.0391540527344
624,243,0,383.1983947753906
264,767,0,383.2244873046875
481,582,0,383.2479553222656
86,537,0,383.4162292480469
846,826,0,383.65478515625
649,274,0,383.6756591796875
757,131,0,383.6977844238281
104,344,0,383.921875
1103,512,0,384.0091247558594
1162,626,0,384.0260314941406
1074,553,0,384.31756591796875
1048,220,0,384.564697265625
1200,459,0,384.6309814453125
300,164,0,384.8376159667969
1306,290,0,384.98699951171875
721,705,0,385.70196533203125
547,862,0,385.7162170410156
274,541,0,386.0997314453125
1114,647,0,386.3004150390625
818,735,0,386.47381591796875
154,735,0,386.70013427734375
77,429,0,386.70660400390625
117,771,0,386.8979187011719
230,548,0,386.98321533203125
848,429,0,387.10205078125
336,633,0,387.191162109375
65,205,0,387.2621765136719
1166,690,0,387.26605224609375
482,618,0,387.3009033203125
319,658,0,387.3383483886719
840,182,0,387.4867858886719
387,470,0,388.7196960449219
657,317,0,389.06939697265625
1044,31,0,389.1927490234375
109,847,0,389.2248840332031
893,548,0,389.27496337890625
1216,633,0,389.5368957519531
758,650,0,389.6164855957031
13,508,0,389.7383728027344
394,213,0,390.1256103515625
921,66,0,390.18841552734375
1026,38,0,390.4779052734375
1054,545,0,390.5649719238281
159,946,0,390.7787170410156
1271,683,0,391.2224426269531
306,226,0,391.3796081542969
98,762,0,391.4869079589844
113,766,0,391.5047912597656
1294,138,0,391.65802001953125
434,31,0,391.6822814941406
212,407,0,391.6963195800781
981,510,0,391.76141357421875
97,358,0,392.6105041503906
1184,226,0,392.6448669433594
883,246,0,392.9452819824219
358,733,0,393.0458068847656
701,226,0,393.0928649902344
912,717,0,393.1183166503906
1188,771,0,393.52508544921875
578,84,0,393.7677001953125
1095,439,0,393.9771423339844
641,508,0,394.3424987792969
715,537,0,394.3640441894531
567,184,0,394.5047607421875
146,889,0,394.5706481933594
1733,862,0,394.82275390625
1132,477,0,394.9202575683594
714,977,0,396.1439208984375
1344,70,0,396.3155212402344
145,549,0,396.48455810546875
899,626,0,397.14984130859375
1732,456,0,397.5135192871094
1345,148,0,397.6141357421875
1080,634,0,397.75244140625
126,381,0,397.80523681640625
1199,148,0,397.9082946777344
1215,549,0,398.1054992675781
570,443,0,398.6151123046875
1092,770,0,398.9661560058594
665,148,0,399.3507080078125
357,847,0,399.4496154785156
1088,901,0,399.7674255371094
878,163,0,399.77117919921875
945,849,0,399.8262023925781
597,449,0,399.91998291015625
1504,778,0,400.3536071777344
1065,237,0,401.3825988769531
1061,886,0,402.2113952636719
852,150,0,402.46490478515625
1213,705,0,402.7269592285156
697,358,0,403.3447570800781
68,685,0,403.54058837890625
937,379,0,403.5641174316406
949,901,0,403.6719055175781
1182,70,0,403.94183349609375
228,376,0,404.05816650390625
1128,770,0,405.2492980957031
961,122,0,405.55023193359375
17,583,0,406.3778991699219
1427,135,0,408.3013610839844
194,749,0,408.3258361816406
1053,545,0,409.54364013671875
1113,148,0,410.5959167480469
950,706,0,410.7347106933594
1066,321,0,411.9356689453125
131,226,0,412.0982971191406
493,146,0,412.3190612792969
954,551,0,412.6305847167969
882,568,0,412.6632995605469
865,639,0,412.8595275878906
1256,826,0,412.93341064453125
987,214,0,412.9443054199219
1148,406,0,414.24993896484375
666,889,0,414.2740783691406
548,770,0,417.2696838378906
1680,843,0,417.49609375
694,955,0,418.1112365722656
1473,522,0,418.8245544433594
1112,213,0,419.5485534667969
1192,459,0,420.3248596191406
71,313,0,420.4830627441406
839,517,0,421.29681396484375
129,412,0,421.4795227050781
667,84,0,422.1883544921875
755,626,0,424.5491638183594
502,651,0,425.6947326660156
127,342,0,428.38299560546875
888,971,0,428.50555419921875
1222,645,0,428.745849609375
1011,164,0,428.9615478515625
1826,256,0,432.5447998046875
1107,73,0,434.5353698730469
1081,321,0,435.9323425292969
1106,56,0,437.49169921875
