2297,1038,0,6.082762718200684
1985,711,0,12.727922439575195
2050,788,0,13.266499519348145
2512,1266,0,14.352700233459473
2361,1111,0,14.899664878845215
2538,1283,0,15.81138801574707
1996,725,0,16.093477249145508
1855,580,0,17.57839584350586
2158,906,0,18.439088821411133
1979,695,0,18.601076126098633
1629,357,0,19.0
2344,1085,0,19.10497283935547
1823,550,0,19.824228286743164
2272,1021,0,19.84943389892578
2182,924,0,20.2237491607666
1370,83,0,20.56696319580078
1839,566,0,21.587032318115234
2191,938,0,21.63330841064453
2397,1152,0,22.158519744873047
2051,789,0,22.649503707885742
2477,1235,0,23.021728515625
1610,334,0,23.452077865600586
1562,272,0,23.494680404663086
2599,1362,0,24.20743751525879
2080,829,0,25.495098114013672
2271,1020,0,25.51470184326172
1694,417,0,25.961509704589844
2367,1120,0,25.961509704589844
2333,1076,0,26.191600799560547
2240,982,0,26.4007568359375
2570,1335,0,26.96293830871582
1588,312,0,27.110883712768555
2168,927,0,27.513633728027344
2515,1271,0,27.58622932434082
2172,916,0,28.1069393157959
2317,1081,0,28.54820442199707
2237,997,0,28.670541763305664
1912,627,0,28.72281265258789
1808,529,0,28.740215301513672
2589,1339,0,29.086078643798828
2473,1232,0,29.916549682617188
2472,1238,0,30.479501724243164
2540,1288,0,30.561412811279297
2337,1080,0,30.692018508911133
2183,936,0,31.35283088684082
2561,1321,0,31.416555404663086
2064,810,0,31.464265823364258
1842,569,0,31.575305938720703
2318,1063,0,31.968734741210938
2550,1309,0,31.984371185302734
2457,1209,0,32.06243896484375
1408,114,0,32.15586853027344
2291,1056,0,32.924156188964844
2460,1217,0,32.98484420776367
2360,1109,0,33.18132019042969
1540,251,0,33.3316650390625
2084,828,0,33.406585693359375
1668,387,0,33.660064697265625
2467,1227,0,33.689762115478516
2567,1316,0,34.058773040771484
2351,1098,0,34.14674377441406
2342,1082,0,34.2636833190918
2322,1067,0,34.35112762451172
2587,1338,0,34.39476776123047
1382,96,0,34.597686767578125
2027,762,0,34.68429183959961
1511,219,0,34.75629425048828
2664,1421,0,35.085609436035156
2514,1270,0,35.31288528442383
2056,805,0,35.46829605102539
2130,880,0,35.608985900878906
2551,1310,0,35.80502700805664
1894,631,0,35.83294677734375
2025,758,0,35.860843658447266
2097,847,0,35.88871765136719
2469,1234,0,36.027767181396484
2495,1264,0,36.166282653808594
2316,1061,0,36.24913787841797
2315,1060,0,37.05401611328125
2303,1062,0,37.14834976196289
2574,1323,0,37.161808013916016
2384,1148,0,37.175262451171875
2145,908,0,37.30951690673828
2546,1291,0,37.38983917236328
2499,1251,0,37.57658767700195
2696,1456,0,37.66961669921875
2704,1459,0,37.74917221069336
2454,1203,0,37.77565383911133
1581,300,0,38.039451599121094
1684,410,0,38.09199523925781
2628,1382,0,38.14446258544922
1883,608,0,38.340579986572266
2233,975,0,38.40572738647461
2578,1348,0,38.50973892211914
1654,380,0,38.56163787841797
1439,148,0,38.79433059692383
2369,1123,0,38.897300720214844
2490,1241,0,39.1790771484375
2141,889,0,39.420806884765625
2423,1180,0,39.52214431762695
2455,1204,0,39.57271957397461
1800,528,0,39.623226165771484
2707,1478,0,39.824615478515625
2697,1467,0,39.91240310668945
2679,1446,0,40.04996871948242
2699,1468,0,40.16217041015625
2630,1396,0,40.18706130981445
2665,1426,0,40.62019348144531
2231,993,0,41.0
2156,911,0,41.024383544921875
2350,1103,0,41.13392639160156
1892,629,0,41.218929290771484
1547,254,0,41.35214614868164
1325,45,0,41.400482177734375
2243,1001,0,41.48493576049805
2067,803,0,41.509037017822266
2378,1128,0,41.689327239990234
2544,1289,0,41.80908966064453
2501,1252,0,41.85689926147461
2086,830,0,41.91658401489258
2676,1438,0,41.92850875854492
2128,866,0,42.01190185546875
2605,1374,0,42.142616271972656
2354,1113,0,42.66145706176758
2398,1161,0,42.69660568237305
1712,433,0,42.7551155090332
2254,1012,0,42.93017578125
2414,1168,0,43.023250579833984
1716,435,0,43.4281005859375
2329,1093,0,43.47412872314453
1997,737,0,43.863426208496094
2527,1295,0,44.21538162231445
1568,286,0,44.55333709716797
2340,1083,0,44.933284759521484
2418,1177,0,45.033321380615234
2429,1190,0,45.14421463012695
2399,1162,0,45.15528869628906
2661,1410,0,45.17742919921875
2641,1403,0,45.585086822509766
2656,1422,0,45.71651840209961
1589,313,0,46.010868072509766
1554,268,0,46.032596588134766
2197,944,0,46.11941146850586
2566,1329,0,46.2385139465332
1679,407,0,46.72258377075195
2683,1451,0,47.29693603515625
1499,210,0,47.31807327270508
2634,1389,0,47.41307830810547
1740,465,0,47.444705963134766
1893,630,0,47.6340217590332
2703,1473,0,47.82258987426758
2083,827,0,48.23898696899414
2147,895,0,48.28042984008789
1741,466,0,48.425201416015625
2314,1059,0,48.53864288330078
2323,1068,0,48.59012222290039
1559,274,0,48.60041046142578
2296,1048,0,48.66210174560547
2289,1054,0,48.79549026489258
2275,1031,0,48.86716842651367
2536,1286,0,48.948951721191406
2102,850,0,49.37610626220703
2611,1385,0,49.54795837402344
2583,1346,0,49.56813430786133
2041,787,0,49.939964294433594
2594,1359,0,50.0
1597,323,0,50.09989929199219
2175,932,0,50.13980484008789
1620,343,0,50.3686408996582
2712,1481,0,50.507423400878906
2651,1401,0,50.55690002441406
2157,912,0,50.61620330810547
1574,291,0,50.64582824707031
1875,604,0,50.65570068359375
2500,1254,0,50.695167541503906
2320,1075,0,50.813385009765625
1414,124,0,50.8428955078125
1813,542,0,50.93132781982422
2435,1195,0,51.088157653808594
2680,1447,0,51.13706970214844
2112,863,0,51.39065933227539
2657,1407,0,51.594573974609375
2228,972,0,51.845924377441406
1609,336,0,51.92301940917969
1967,689,0,51.94227600097656
2348,1102,0,52.12485122680664
1497,204,0,52.191951751708984
2334,1095,0,52.201534271240234
2359,1108,0,52.23025894165039
2632,1398,0,52.33545684814453
2155,894,0,52.44997787475586
2596,1357,0,52.58326721191406
1464,182,0,52.611785888671875
1542,256,0,52.64978790283203
1628,356,0,52.76362228393555
1721,444,0,52.88667297363281
2593,1360,0,52.9716911315918
2684,1452,0,53.0848388671875
2210,970,0,53.44155502319336
1778,507,0,53.45091247558594
2274,1030,0,53.59104537963867
1465,183,0,53.60969924926758
1552,260,0,53.60969924926758
2113,862,0,53.637672424316406
1700,423,0,53.75872039794922
2400,1157,0,53.860931396484375
1757,488,0,54.07402420043945
1677,403,0,54.34151077270508
2120,859,0,54.424259185791016
2328,1092,0,54.470176696777344
1483,189,0,54.71745681762695
2256,996,0,54.79963684082031
1916,647,0,54.845237731933594
1512,226,0,54.981815338134766
1661,388,0,55.04543685913086
2099,845,0,55.0635986328125
2014,757,0,55.163394927978516
2290,1055,0,55.1815185546875
2459,1223,0,55.61474609375
1652,379,0,55.79426574707031
2449,1216,0,55.91064453125
2617,1379,0,56.017852783203125
1587,302,0,56.13376998901367
1338,59,0,56.16938781738281
2035,772,0,56.28498840332031
1836,555,0,56.37375259399414
2568,1334,0,56.7714729309082
1710,431,0,56.86826705932617
1814,544,0,56.88584899902344
2462,1231,0,56.88584899902344
2510,1262,0,56.920997619628906
1904,639,0,56.95612335205078
2339,1097,0,57.04384231567383
2532,1299,0,57.41080093383789
1485,199,0,57.436920166015625
1640,370,0,57.48912811279297
1707,430,0,57.54998016357422
2588,1358,0,57.59340286254883
2169,928,0,57.61076354980469
2307,1065,0,57.645469665527344
1840,565,0,57.662811279296875
1298,11,0,57.732139587402344
1706,429,0,57.76677322387695
2225,967,0,57.9482536315918
1906,641,0,57.99137878417969
1885,616,0,58.0
2603,1361,0,58.103355407714844
1492,205,0,58.154964447021484
2548,1296,0,58.154964447021484
2626,1388,0,58.19793701171875
2466,1228,0,58.28378677368164
1553,261,0,58.36094665527344
2710,1480,0,58.41232681274414
2267,1025,0,58.4379997253418
1987,723,0,58.52349853515625
2582,1354,0,58.62593460083008
1484,193,0,58.702640533447266
1948,664,0,59.016944885253906
2279,1024,0,59.13543701171875
2711,1487,0,59.24525451660156
2247,1007,0,59.329586029052734
1487,201,0,59.455867767333984
2310,1066,0,59.4810905456543
2579,1349,0,59.53990173339844
2304,1043,0,59.64897155761719
1607,335,0,59.65735626220703
1921,649,0,59.69924545288086
2068,804,0,59.73273849487305
2366,1127,0,59.77457809448242
2419,1178,0,59.97499465942383
1555,269,0,60.008331298828125
2585,1356,0,60.06663131713867
2422,1187,0,60.199668884277344
2009,743,0,60.27437210083008
1978,700,0,60.28266906738281
1942,668,0,60.36555480957031
2655,1415,0,60.56401443481445
2341,1101,0,60.58052444458008
2600,1375,0,60.64651870727539
2363,1121,0,60.81940460205078
2663,1428,0,61.00819778442383
2425,1183,0,61.147361755371094
2482,1243,0,61.392181396484375
1565,282,0,61.42475128173828
1582,301,0,61.4410285949707
1734,459,0,61.48170471191406
2554,1301,0,61.66035842895508
1615,344,0,61.700889587402344
2662,1427,0,61.85466766357422
2077,821,0,62.273590087890625
2688,1458,0,62.37788009643555
1770,502,0,62.409934997558594
1732,449,0,62.513999938964844
2534,1283,0,62.67375946044922
1584,303,0,62.68173599243164
2659,1419,0,62.9761848449707
2096,849,0,63.039669036865234
2332,1088,0,63.142696380615234
2581,1342,0,63.3876953125
2264,1016,0,63.56099319458008
2671,1443,0,63.694583892822266
2484,1253,0,64.17164611816406
1617,347,0,64.34283447265625
2230,985,0,64.39720153808594
1517,232,0,64.5755386352539
2199,956,0,64.70703125
2675,1432,0,64.73793029785156
1991,730,0,64.78425598144531
2565,1328,0,64.91532897949219
1955,680,0,65.06150817871094
2647,1417,0,65.0768814086914
1567,283,0,65.20735931396484
1529,242,0,65.38348388671875
1850,578,0,65.68104553222656
2362,1119,0,65.75712585449219
1625,360,0,65.77993774414062
1729,451,0,65.802734375
2040,784,0,65.82552337646484
2645,1413,0,66.02272033691406
2070,818,0,66.0908432006836
2708,1486,0,66.27970886230469
2509,1282,0,66.73829650878906
1862,587,0,66.8580551147461
2008,744,0,66.97760772705078
2263,1015,0,67.11184692382812
1801,538,0,67.35725402832031
1761,490,0,67.43885803222656
1310,30,0,67.44627380371094
2200,957,0,67.47592163085938
1655,381,0,67.57218170166016
2562,1324,0,67.69047546386719
2211,971,0,67.96322631835938
2480,1244,0,67.97793579101562
1596,322,0,68.08818054199219
2618,1380,0,68.24954223632812
1541,250,0,68.3008041381836
1606,333,0,68.48357391357422
1309,29,0,68.59300231933594
2066,812,0,68.62944030761719
2543,1306,0,68.8621826171875
2464,1224,0,68.99275207519531
1585,308,0,69.02173614501953
2036,778,0,69.065185546875
351,83,0,69.07966613769531
2437,1196,0,69.69935607910156
1923,643,0,69.98571014404297
2151,891,0,70.08566284179688
2302,1052,0,70.08566284179688
2217,1251,0,70.11418914794922
1918,646,0,70.29936218261719
2075,816,0,70.54785919189453
1590,311,0,70.5691146850586
2305,1293,0,70.60453033447266
2123,865,0,70.8307876586914
2508,1281,0,71.56814575195312
2525,1273,0,71.56814575195312
2125,878,0,71.6658935546875
2433,1193,0,71.88185119628906
1802,530,0,71.97916412353516
2257,1010,0,72.02777099609375
2069,817,0,72.187255859375
1637,367,0,72.31874084472656
2091,837,0,72.38784790039062
1442,155,0,72.48448181152344
1646,378,0,73.53910827636719
1473,185,0,73.73601531982422
1307,22,0,73.85120391845703
2343,1082,0,73.85120391845703
1750,474,0,74.01351165771484
2346,1099,0,74.03377532958984
2153,900,0,74.12826538085938
2309,1064,0,74.2361068725586
1530,240,0,74.26304626464844
2176,929,0,74.47818756103516
2391,1153,0,74.60562896728516
1430,142,0,74.63912963867188
2629,1383,0,74.69939422607422
2625,1393,0,74.76630401611328
1639,369,0,74.87322998046875
2116,867,0,75.19973754882812
1418,128,0,75.39894104003906
2678,1440,0,75.62406921386719
1560,275,0,75.7693862915039
2644,1406,0,76.09861755371094
2385,1143,0,76.49836730957031
2569,1319,0,76.94803619384766
2660,1429,0,77.05841827392578
1501,213,0,77.17512512207031
2092,836,0,77.1945571899414
2246,1013,0,77.34339141845703
1870,597,0,77.86526489257812
1595,316,0,78.03204345703125
1570,285,0,78.12169647216797
2505,1277,0,78.23681640625
1586,309,0,78.48566436767578
1890,620,0,78.58753204345703
1605,332,0,78.75277709960938
1917,645,0,78.77182006835938
1758,491,0,78.83527374267578
1816,546,0,78.83527374267578
1941,663,0,79.00633239746094
1680,406,0,79.06958770751953
2706,1479,0,79.1517562866211
1841,568,0,79.15807342529297
1592,317,0,79.32843017578125
2539,1287,0,79.33473205566406
2232,990,0,79.69316101074219
1779,508,0,79.69943237304688
1825,553,0,79.76214599609375
1297,10,0,79.89994049072266
2563,1312,0,80.18104553222656
2187,940,0,80.3118896484375
1815,494,0,80.33056640625
1458,173,0,80.56053924560547
2003,750,0,80.74032592773438
1304,21,0,80.75890350341797
1905,640,0,80.77127838134766
1975,692,0,80.90117645263672
2093,843,0,80.95677947998047
1657,382,0,81.56592559814453
2214,960,0,81.57818603515625
1731,453,0,82.1766357421875
1634,371,0,82.3468246459961
2357,1110,0,82.36504364013672
1576,297,0,82.60750579833984
2667,1414,0,82.61961364746094
2107,855,0,82.68010711669922
1658,383,0,82.861328125
1844,570,0,82.9698715209961
1457,172,0,83.12039184570312
1848,571,0,83.22259521484375
1577,294,0,83.41462707519531
2533,1297,0,83.9464111328125
1413,125,0,84.24962615966797
1347,76,0,84.27336120605469
2715,1484,0,84.48668670654297
1803,535,0,84.6699447631836
1539,247,0,84.79976654052734
2717,1472,0,85.02940368652344
1681,408,0,85.1116943359375
1548,259,0,85.31119537353516
1670,395,0,85.36392974853516
2633,1397,0,85.52192687988281
1717,438,0,85.93601989746094
1443,156,0,86.01744079589844
2154,899,0,86.14522552490234
2402,1164,0,86.38865661621094
1898,624,0,86.4638671875
1345,64,0,87.10912322998047
1724,450,0,87.24104309082031
1329,51,0,87.44712829589844
1867,586,0,87.92041778564453
2393,1155,0,87.93179321289062
1984,713,0,88.19863891601562
1966,676,0,88.42510986328125
2523,1290,0,88.6510009765625
1392,104,0,88.76936340332031
2186,939,0,89.258056640625
2365,1125,0,89.31964874267578
1399,116,0,89.70507049560547
2060,796,0,90.28289031982422
688,81,0,90.58697509765625
1878,605,0,90.68075561523438
1971,687,0,90.83501434326172
1745,470,0,91.40021514892578
687,83,0,91.49317169189453
1648,377,0,91.93476104736328
1428,143,0,92.21713256835938
1876,607,0,92.25508117675781
2216,958,0,92.40670776367188
135,83,0,92.97311401367188
2370,1126,0,93.94147491455078
2007,756,0,94.03190612792969
2188,942,0,94.23905944824219
1291,484,0,94.31861114501953
1931,651,0,94.33451080322266
1557,270,0,94.35041046142578
2288,1046,0,94.3980941772461
1411,120,0,94.6731185913086
1659,385,0,94.88414001464844
911,83,0,94.98420715332031
1932,652,0,94.99473571777344
2000,741,0,95.04209899902344
925,67,0,95.0631332397461
1401,112,0,95.14199829101562
1525,235,0,95.46726989746094
1675,398,0,95.49868774414062
2029,779,0,96.08329772949219
2610,1373,0,96.20291137695312
2039,783,0,96.3846435546875
2504,1278,0,96.48834228515625
1481,186,0,96.5556869506836
2150,890,0,96.5763931274414
1440,151,0,96.6436767578125
1339,62,0,96.67471313476562
2105,856,0,96.8245849609375
2608,1377,0,97.6166000366211
1935,657,0,97.93365478515625
1983,717,0,98.19877624511719
2282,1041,0,98.2853012084961
2293,1042,0,98.55962371826172
1618,353,0,98.57484436035156
2089,833,0,98.81295776367188
1909,634,0,99.04039764404297
1410,126,0,99.42333984375
2213,966,0,99.52386474609375
1372,92,0,100.04499053955078
1792,515,0,100.07997131347656
1462,171,0,100.44401550292969
1369,82,0,100.56341552734375
1871,596,0,100.60317993164062
1316,42,0,100.7174301147461
1644,375,0,100.86128997802734
1480,188,0,100.86624908447266
1982,708,0,101.0346450805664
2212,965,0,101.04949188232422
1907,636,0,101.1039047241211
2053,807,0,101.12368774414062
1672,399,0,101.13851928710938
1683,412,0,101.13851928710938
1508,221,0,101.32127380371094
1949,671,0,101.33607482910156
1563,281,0,101.60216522216797
2284,1040,0,101.71528625488281
1774,504,0,101.74969482421875
2493,1260,0,102.14205932617188
2674,1431,0,102.21546173095703
1766,501,0,102.26924896240234
2043,786,0,102.38163757324219
1405,113,0,102.56705474853516
1384,105,0,102.63040161132812
2376,1131,0,102.84454345703125
2327,1074,0,102.89801025390625
1828,559,0,103.46497344970703
2106,854,0,103.76415252685547
2424,1181,0,104.05767822265625
1964,686,0,104.177734375
1880,601,0,104.18253326416016
1647,376,0,104.26888275146484
2201,955,0,104.4940185546875
2564,1076,0,104.71867370605469
2492,1256,0,104.7568588256836
2616,1367,0,104.92378234863281
2479,1237,0,105.14751434326172
2364,1122,0,105.7024154663086
2138,887,0,105.85367584228516
2417,1176,0,105.85367584228516
2061,797,0,105.91978454589844
1742,467,0,105.98113250732422
781,83,0,106.53168487548828
2352,1105,0,106.70051574707031
1720,441,0,107.19608306884766
2672,1444,0,108.45736694335938
1666,391,0,108.55413055419922
2720,1494,0,108.69222259521484
1891,622,0,108.7336196899414
2448,1208,0,109.05961608886719
2085,825,0,109.41663360595703
2416,1175,0,109.4805908203125
1623,358,0,109.60839080810547
1506,223,0,110.7474594116211
2055,799,0,110.84223175048828
2403,1154,0,110.85575866699219
2421,1186,0,110.8738021850586
1940,662,0,110.98197937011719
1374,87,0,111.09005737304688
2451,1207,0,111.1980209350586
1993,724,0,111.60197448730469
2636,1399,0,111.85704803466797
1627,364,0,112.4766616821289
2689,1462,0,112.64102172851562
2195,953,0,112.66765594482422
1509,222,0,112.87603759765625
1544,252,0,112.9026107788086
2011,746,0,113.1547622680664
2669,1434,0,113.17684936523438
1340,63,0,113.53853607177734
2136,892,0,113.6309814453125
2702,1475,0,113.80685424804688
1455,177,0,114.02192687988281
2471,1236,0,114.29785919189453
1448,158,0,114.38094329833984
2380,1137,0,115.30394744873047
2005,749,0,115.40797424316406
433,67,0,115.65898132324219
1293,16,0,116.10771179199219
1903,628,0,116.20240783691406
1642,373,0,116.24112701416016
2556,1060,0,116.6061782836914
1771,495,0,117.14521026611328
2386,1151,0,117.52021026611328
1514,220,0,117.90674591064453
2535,1303,0,117.9364242553711
2192,950,0,118.40185546875
2356,1106,0,118.81497955322266
1294,15,0,120.22062683105469
1715,437,0,120.22062683105469
1380,98,0,120.22479248046875
1130,96,0,121.16517639160156
1744,469,0,121.29715728759766
1635,365,0,121.77848815917969
1385,106,0,121.89339447021484
2101,852,0,122.05736541748047
2557,1061,0,122.14335632324219
2714,1483,0,122.18428802490234
2250,999,0,122.47040557861328
1488,203,0,122.4948959350586
1550,264,0,122.5193862915039
1320,40,0,122.93901062011719
2456,1221,0,123.01219177246094
1510,228,0,123.0812759399414
1703,428,0,123.34504699707031
2690,1463,0,123.5111312866211
1817,545,0,123.6203842163086
2373,1129,0,123.71337890625
1566,279,0,123.87897491455078
2281,1028,0,123.91529083251953
975,482,0,124.72770690917969
502,67,0,124.7838134765625
2006,755,0,124.98400115966797
1373,91,0,125.05998229980469
2375,1130,0,125.07997131347656
2411,1167,0,125.10795593261719
2597,1371,0,125.13592529296875
293,67,0,125.2317886352539
1818,547,0,125.24775695800781
1415,134,0,125.71395874023438
1468,176,0,125.8292465209961
1764,497,0,126.38433074951172
1930,650,0,126.42784881591797
2146,482,0,127.00787353515625
2241,994,0,127.30278778076172
2716,1485,0,127.38131713867188
1391,103,0,127.71843719482422
1526,239,0,127.90621185302734
2012,753,0,128.49124145507812
1493,207,0,128.49513244628906
2063,802,0,128.53404235839844
1353,72,0,128.8177032470703
1789,513,0,128.90306091308594
1837,564,0,129.00387573242188
1718,445,0,129.4642791748047
1375,89,0,129.73434448242188
1856,583,0,129.7536163330078
2046,794,0,129.95384216308594
2670,1449,0,130.13070678710938
1513,224,0,130.14222717285156
1765,498,0,130.1768035888672
1342,58,0,130.3226776123047
1467,174,0,130.63690185546875
2137,888,0,130.7440185546875
645,67,0,130.96946716308594
1308,23,0,131.36590576171875
1866,591,0,131.6586456298828
2306,1076,0,132.27622985839844
1945,665,0,132.6084442138672
1324,45,0,132.710205078125
2076,831,0,132.86082458496094
1573,288,0,132.9511260986328
1349,71,0,133.04510498046875
381,83,0,133.154052734375
2580,1350,0,133.25164794921875
2129,875,0,133.52902221679688
2239,1885,0,134.0223846435547
2576,1344,0,134.15663146972656
2052,806,0,134.8814239501953
1601,330,0,134.89254760742188
2489,1261,0,135.02963256835938
1939,658,0,135.44371032714844
1359,79,0,135.5986785888672
1756,483,0,135.6466064453125
1669,396,0,135.7350311279297
1417,127,0,135.74609375
1446,159,0,135.77186584472656
1611,338,0,135.88966369628906
1614,346,0,135.9595489501953
2682,1453,0,136.02940368652344
1447,160,0,136.13963317871094
1913,1084,0,136.34515380859375
1994,734,0,136.69674682617188
2161,923,0,137.64810180664062
1692,422,0,137.92027282714844
726,67,0,138.06881713867188
1341,60,0,138.38352966308594
1790,509,0,138.53880310058594
1463,178,0,138.9388427734375
1952,677,0,138.95323181152344
1743,464,0,139.18333435058594
1337,66,0,139.18692016601562
1879,606,0,139.9499969482422
2559,1331,0,140.0928192138672
1927,654,0,140.5311279296875
2262,1017,0,140.5702667236328
2453,1212,0,141.71803283691406
2261,1014,0,142.04576110839844
1676,404,0,142.31654357910156
1357,73,0,142.40435791015625
1954,678,0,142.4499969482422
2718,1496,0,142.45701599121094
2184,934,0,142.57980346679688
2023,763,0,142.639404296875
2446,1201,0,142.77955627441406
1696,427,0,142.8530731201172
148,96,0,143.076904296875
1767,492,0,143.21661376953125
2118,861,0,143.76370239257812
2336,1086,0,143.77064514160156
1711,432,0,143.9305419921875
2709,1489,0,143.93748474121094
1686,414,0,143.95138549804688
1535,249,0,144.04513549804688
1664,390,0,144.1041259765625
1534,248,0,144.2428436279297
1784,506,0,144.64784240722656
2614,1381,0,144.65475463867188
1318,36,0,145.09652709960938
1887,621,0,145.1895294189453
1363,84,0,145.21707153320312
2259,1003,0,145.48196411132812
808,83,0,145.4853973388672
1735,461,0,145.5094451904297
1472,184,0,145.80809020996094
2727,1500,0,146.34889221191406
1925,655,0,146.61172485351562
1491,202,0,146.7344512939453
119,67,0,146.948974609375
2415,1166,0,147.2107391357422
1323,49,0,147.32276916503906
1824,554,0,147.57032775878906
1470,179,0,147.78024291992188
1469,181,0,148.0168914794922
977,1535,0,148.07431030273438
2100,850,0,148.43853759765625
2496,1275,0,148.5664825439453
2646,1416,0,148.6438751220703
2022,761,0,148.97314453125
1667,392,0,149.04026794433594
1558,529,0,149.61618041992188
1331,55,0,150.0066680908203
402,83,0,151.35389709472656
2026,770,0,151.88482666015625
1998,740,0,153.12086486816406
1593,325,0,153.47637939453125
1873,598,0,153.84732055664062
2170,918,0,153.86032104492188
2478,1245,0,154.15576171875
258,67,0,154.19143676757812
2677,1439,0,154.427978515625
2542,1311,0,154.5121307373047
2030,781,0,155.15798950195312
2412,1165,0,155.66952514648438
2028,769,0,156.04806518554688
1381,95,0,156.54393005371094
1728,454,0,156.75778198242188
1556,271,0,156.85025024414062
2331,1049,0,156.86618041992188
1521,241,0,156.88531494140625
2294,1047,0,157.53094482421875
377,67,0,158.06961059570312
447,484,0,158.95596313476562
2148,903,0,159.455322265625
2450,1206,0,159.7998809814453
1290,9,0,160.7140350341797
2078,824,0,160.7140350341797
2461,2264,0,161.53018188476562
1454,170,0,161.73744201660156
1393,111,0,161.95986938476562
2174,913,0,161.9938201904297
125,334,0,162.0740509033203
1306,20,0,163.52981567382812
371,1100,0,164.20718383789062
1313,1685,0,164.70883178710938
1638,2001,0,164.97879028320312
2031,782,0,165.77696228027344
1719,440,0,166.27989196777344
1018,1149,0,166.58631896972656
1864,589,0,167.1945037841797
1498,212,0,167.23635864257812
2249,1011,0,167.91664123535156
2126,871,0,168.6772003173828
1877,600,0,169.0325469970703
2401,1156,0,169.076904296875
1017,1211,0,169.3871307373047
1859,584,0,169.67616271972656
1787,511,0,169.8440399169922
900,1557,0,170.1264190673828
1863,588,0,170.4582061767578
2441,1199,0,171.21331787109375
2511,1294,0,171.27755737304688
268,334,0,171.41761779785156
1441,157,0,171.57505798339844
1751,479,0,171.7003173828125
1688,421,0,171.9738311767578
2139,887,0,172.2614288330078
435,1067,0,172.79757690429688
1835,557,0,174.22686767578125
2072,819,0,174.46775817871094
1315,35,0,174.65394592285156
396,1389,0,175.18275451660156
1549,263,0,175.72706604003906
1518,233,0,175.8948516845703
1594,326,0,175.9488525390625
2104,848,0,175.98863220214844
156,1685,0,176.26968383789062
1980,701,0,176.3150634765625
1619,352,0,176.53045654296875
2215,959,0,176.73709106445312
1852,576,0,177.08755493164062
2637,1404,0,177.81732177734375
1990,726,0,178.06459045410156
2062,801,0,178.15443420410156
1805,531,0,178.44886779785156
1872,594,0,179.1116943359375
1947,667,0,179.54664611816406
2442,1197,0,179.5884246826172
1874,595,0,179.6023406982422
2347,1803,0,179.93609619140625
1421,138,0,180.19989013671875
2234,983,0,180.6958770751953
2420,1182,0,180.93368530273438
2140,886,0,181.645263671875
1910,1100,0,181.85708618164062
1416,131,0,182.15103149414062
1962,683,0,182.3458251953125
2142,901,0,182.39791870117188
1809,539,0,182.40066528320312
1104,482,0,182.4335479736328
987,494,0,182.57054138183594
1575,296,0,182.8441925048828
2047,795,0,185.80096435546875
55,1043,0,186.00537109375
1361,80,0,186.5556182861328
1351,77,0,187.02940368652344
26,124,0,188.27108764648438
2642,1412,0,189.57057189941406
1926,653,0,190.19464111328125
1630,362,0,190.39695739746094
828,295,0,190.79046630859375
974,1211,0,191.1413116455078
1280,2,0,191.3400115966797
54,1827,0,191.41055297851562
964,494,0,192.99481201171875
2734,1509,0,193.08029174804688
1507,225,0,193.63626098632812
1860,585,0,194.6894989013672
1882,613,0,194.97434997558594
2549,1318,0,196.33389282226562
883,2103,0,196.43064880371094
1934,659,0,196.72315979003906
1783,505,0,196.72569274902344
1989,727,0,197.2156219482422
2516,1285,0,197.68661499023438
2494,1274,0,198.8441619873047
2486,1255,0,199.9550018310547
157,129,0,200.22238159179688
440,1685,0,200.9154052734375
183,2027,0,200.98507690429688
1773,499,0,201.25108337402344
1314,944,0,201.73745727539062
2443,1198,0,201.85391235351562
2555,1322,0,202.5660400390625
53,123,0,204.01715087890625
1523,244,0,204.31593322753906
1834,563,0,205.1511688232422
1319,46,0,205.15847778320312
868,2430,0,205.7425537109375
76,2103,0,206.27651977539062
1336,65,0,207.277587890625
875,1687,0,208.02163696289062
786,494,0,208.30026245117188
2522,2412,0,208.44903564453125
2131,885,0,208.76303100585938
1300,19,0,209.27255249023438
2071,135,0,211.11134338378906
1960,679,0,211.93394470214844
481,1305,0,212.92721557617188
1269,96,0,213.9439239501953
1999,731,0,214.19850158691406
2251,1002,0,214.3921661376953
1937,668,0,214.58331298828125
2090,832,0,214.6322479248047
1616,356,0,214.70211791992188
2701,1474,0,214.99302673339844
2119,1769,0,215.36944580078125
1746,472,0,215.41355895996094
1775,497,0,215.83094787597656
1436,145,0,216.22442626953125
360,1235,0,217.39364624023438
2483,1257,0,217.72918701171875
1571,290,0,219.6178436279297
587,1803,0,219.92498779296875
2502,2411,0,220.9773712158203
739,944,0,221.24647521972656
1478,191,0,221.67544555664062
1037,1821,0,221.87158203125
820,494,0,222.43650817871094
697,1851,0,222.70159912109375
1973,688,0,223.1927490234375
2432,1192,0,223.43231201171875
2258,1009,0,223.6671600341797
185,1789,0,223.74539184570312
2517,1124,0,223.99107360839844
1810,546,0,224.5595703125
2255,998,0,224.80435180664062
2202,947,0,226.13491821289062
629,1861,0,226.91848754882812
1853,576,0,227.3763427734375
863,2428,0,227.62469482421875
2004,742,0,227.7783966064453
667,1788,0,228.53883361816406
2650,1411,0,228.79466247558594
2224,981,0,229.52777099609375
2374,2453,0,230.42135620117188
57,135,0,230.4669189453125
482,1304,0,230.63607788085938
2705,1490,0,230.8289337158203
2203,949,0,231.233642578125
484,1211,0,233.78195190429688
2033,775,0,233.9508514404297
2094,304,0,234.39283752441406
797,1803,0,234.85740661621094
2330,1070,0,235.1892852783203
2121,872,0,235.93218994140625
1806,536,0,235.95974731445312
1184,1827,0,237.4005126953125
2127,2288,0,237.68887329101562
160,1651,0,238.5435028076172
468,1488,0,238.6315155029297
78,1815,0,239.06484985351562
2518,2412,0,239.6706085205078
2218,964,0,239.9228973388672
897,1235,0,240.48284912109375
1431,150,0,241.15139770507812
1974,1557,0,241.1949462890625
2010,759,0,241.6443634033203
1847,572,0,241.78709411621094
1133,218,0,242.00827026367188
2260,1004,0,242.56546020507812
1752,494,0,242.82298278808594
1479,192,0,242.93826293945312
534,1217,0,244.01023864746094
170,1456,0,244.02049255371094
153,1788,0,244.30308532714844
1396,108,0,245.1795196533203
611,1821,0,245.53614807128906
804,138,0,245.66644287109375
2693,1461,0,246.74278259277344
1348,68,0,247.73776245117188
531,2415,0,247.80032348632812
113,1437,0,247.98789978027344
1330,47,0,248.13705444335938
841,778,0,249.12246704101562
1292,1412,0,249.25689697265625
1366,204,0,249.62973022460938
682,1149,0,249.645751953125
2531,986,0,249.7799072265625
1956,675,0,249.95599365234375
73,1651,0,250.13995361328125
2219,1487,0,250.80072021484375
915,1762,0,250.87646484375
528,2230,0,250.90835571289062
147,624,0,250.91033935546875
1519,234,0,250.91033935546875
1673,388,0,251.5094451904297
315,916,0,251.54721069335938
1899,625,0,251.86305236816406
331,1906,0,252.5509796142578
376,897,0,252.64401245117188
963,1635,0,253.05335998535156
2468,2252,0,253.29429626464844
1157,289,0,253.72425842285156
311,2387,0,254.49557495117188
1228,129,0,254.5211181640625
724,2405,0,254.63699340820312
685,12,0,254.79403686523438
60,449,0,254.86270141601562
2149,904,0,254.98431396484375
1198,2177,0,255.39576721191406
678,1731,0,255.49168395996094
65,2435,0,255.53472900390625
529,1199,0,255.98046875
2408,910,0,256.080078125
20,604,0,256.2225646972656
1650,334,0,256.46636962890625
764,1356,0,256.7352600097656
2220,735,0,256.77032470703125
733,777,0,256.84820556640625
928,289,0,257.0077819824219
2280,2273,0,257.0505676269531
923,1258,0,257.0875244140625
1274,1109,0,257.26251220703125
2470,1398,0,257.4334716796875
243,1897,0,257.5150451660156
1500,273,0,257.75958251953125
1888,619,0,258.0891418457031
986,1285,0,258.3234558105469
2547,1307,0,258.35052490234375
549,1081,0,259.6517028808594
3,800,0,260.0134582519531
79,498,0,260.0442199707031
2021,578,0,260.30560302734375
1604,1208,0,260.38818359375
2173,1509,0,260.486083984375
1173,321,0,260.6050720214844
2082,1679,0,260.87353515625
1390,106,0,261.2489318847656
899,295,0,261.4039001464844
1827,139,0,261.419189453125
2054,1346,0,261.5511474609375
2276,1405,0,261.6448059082031
1781,1769,0,262.20794677734375
591,1321,0,262.3261413574219
1081,2059,0,262.3642578125
985,1547,0,262.4823913574219
1663,2110,0,262.661376953125
1922,2059,0,263.062744140625
201,939,0,263.06842041015625
573,555,0,263.23944091796875
1846,574,0,263.5033264160156
171,2447,0,263.5981750488281
336,426,0,263.7100830078125
734,1609,0,263.8332824707031
1452,169,0,263.9772644042969
1713,448,0,264.1174011230469
475,1592,0,264.1268615722656
2604,1663,0,264.23663330078125
1838,471,0,264.5486755371094
642,1215,0,264.580810546875
2666,1125,0,264.6034851074219
1326,1165,0,264.7206115722656
1958,681,0,264.73760986328125
322,1523,0,264.7451477050781
457,603,0,264.76025390625
41,669,0,264.98114013671875
451,2069,0,264.9867858886719
698,917,0,265.13580322265625
2167,1687,0,265.3752136230469
1141,256,0,265.4034729003906
75,363,0,265.8175964355469
1897,1644,0,265.9097595214844
770,1862,0,265.9210510253906
650,1843,0,266.1709899902344
1474,871,0,266.20294189453125
312,2388,0,266.2630310058594
450,219,0,266.8445129394531
2283,1048,0,267.0711364746094
1461,1081,0,267.0823974609375
768,1261,0,267.14227294921875
1854,2400,0,267.6452941894531
98,152,0,268.38592529296875
2017,1104,0,268.38592529296875
2299,1422,0,268.4119873046875
1662,2111,0,268.7843017578125
1264,2438,0,268.9163513183594
120,129,0,269.1988220214844
1321,34,0,269.2972412109375
570,2378,0,269.3807678222656
866,855,0,269.8536682128906
1199,2152,0,269.9036865234375
617,1321,0,270.3923034667969
616,423,0,270.4921569824219
2134,870,0,270.6011962890625
420,1857,0,270.62890625
703,1497,0,270.8025207519531
74,2136,0,270.9520263671875
1279,2256,0,270.97784423828125
2428,1951,0,271.0055236816406
2229,987,0,271.2084045410156
2048,2357,0,271.2581787109375
89,1912,0,271.5326843261719
2355,2363,0,272.1966247558594
2692,1460,0,272.6297912597656
677,1951,0,272.706787109375
152,1099,0,272.89007568359375
476,2378,0,272.89373779296875
200,2361,0,272.9358825683594
473,792,0,273.076904296875
2273,606,0,273.16845703125
123,1713,0,273.24346923828125
453,1210,0,273.3294677734375
189,2168,0,273.38433837890625
902,2442,0,273.6841125488281
1131,1302,0,273.7699890136719
165,1831,0,273.86126708984375
1289,2001,0,273.9635009765625
365,1073,0,274.1404724121094
612,916,0,274.59423828125
2298,1951,0,274.6798095703125
275,591,0,274.7052917480469
2488,1249,0,275.1835632324219
1088,1343,0,275.1944885253906
426,1760,0,275.2108154296875
2270,1675,0,275.2453308105469
129,1232,0,275.41424560546875
1505,2078,0,275.78070068359375
1350,251,0,275.9764404296875
898,2398,0,276.07244873046875
1233,866,0,276.29150390625
2474,1831,0,276.3059997558594
1660,1677,0,276.5773010253906
1561,275,0,276.5791015625
543,580,0,276.5863342285156
802,985,0,276.5917663574219
1376,90,0,276.6441650390625
1045,1173,0,276.7290954589844
179,1668,0,276.8790283203125
1798,811,0,277.10107421875
30,2378,0,277.2165222167969
867,1499,0,277.2327575683594
1689,539,0,277.2597961425781
702,2068,0,277.27783203125
1371,1747,0,277.39141845703125
2238,603,0,277.5013427734375
391,1302,0,277.531982421875
174,1315,0,277.6778564453125
154,2188,0,278.1222839355469
190,251,0,278.3343200683594
2165,922,0,278.42413330078125
1383,2114,0,278.4959716796875
2438,1627,0,278.5731506347656
741,1466,0,278.62518310546875
127,687,0,278.6485290527344
392,1651,0,278.7005615234375
810,1367,0,278.7364196777344
662,1338,0,278.8906555175781
296,768,0,279.0501708984375
310,1670,0,279.08599853515625
386,858,0,279.121826171875
850,1789,0,279.1791687011719
2673,1700,0,279.2310791015625
1138,1635,0,279.29913330078125
1174,1578,0,279.449462890625
1063,219,0,279.51385498046875
214,799,0,279.8481750488281
892,814,0,279.86602783203125
643,1857,0,279.93212890625
175,219,0,279.9517822265625
164,2382,0,280.0160827636719
1626,2288,0,280.0160827636719
2481,1239,0,280.0375061035156
221,2089,0,280.06427001953125
6,1033,0,280.2498779296875
159,1222,0,280.28558349609375
1142,1019,0,280.3551330566406
2326,1103,0,280.41754150390625
1858,2193,0,280.6136169433594
692,1311,0,280.68310546875
1209,1131,0,280.7187194824219
877,1364,0,280.9839782714844
891,868,0,281.1120910644531
144,513,0,281.3929748535156
947,843,0,281.4569091796875
2032,2243,0,281.5315246582031
1276,821,0,281.5883483886719
1197,488,0,281.6078796386719
48,114,0,281.6860046386719
1188,839,0,281.6895446777344
335,425,0,281.7321472167969
2152,1489,0,281.7871398925781
422,274,0,281.8545837402344
21,1950,0,282.04608154296875
931,819,0,282.07977294921875
1140,268,0,282.0975036621094
2698,1023,0,282.1010437011719
283,1467,0,282.2038269042969
567,768,0,282.23040771484375
586,643,0,282.3933410644531
425,1668,0,282.9593505859375
501,2388,0,283.1854553222656
2431,1191,0,283.3937072753906
1061,1026,0,283.40252685546875
1252,2089,0,283.4889831542969
112,1199,0,283.68292236328125
882,1077,0,283.8238830566406
19,304,0,284.08978271484375
1830,142,0,284.1214599609375
1702,1670,0,284.2235107421875
384,201,0,284.3343200683594
1460,2447,0,284.3800354003906
61,2131,0,284.409912109375
1701,1148,0,284.53997802734375
2292,767,0,284.53997802734375
247,1438,0,284.5926818847656
5,1956,0,284.60498046875
572,1214,0,284.7297058105469
604,1325,0,284.9473571777344
1992,730,0,284.95263671875
1705,714,0,284.9824523925781
1040,1327,0,285.019287109375
85,1960,0,285.0561218261719
2598,2025,0,285.1087646484375
523,767,0,285.21044921875
63,1645,0,285.3173522949219
535,1397,0,285.4908142089844
649,2450,0,285.527587890625
480,33,0,285.65887451171875
341,1070,0,285.87933349609375
864,1041,0,285.9020690917969
556,1592,0,285.9720153808594
339,2177,0,286.1031188964844
1451,2444,0,286.2062072753906
4,1085,0,286.27435302734375
1077,727,0,286.6147155761719
239,2227,0,286.6234436035156
1284,2398,0,286.6234436035156
1135,1893,0,286.64959716796875
2407,2210,0,286.7350769042969
1238,1167,0,287.1114807128906
1076,729,0,287.1149597167969
1343,2087,0,287.2559814453125
2631,460,0,287.3360290527344
1235,1531,0,287.5325927734375
2049,1063,0,287.63519287109375
647,763,0,287.7394714355469
742,1445,0,287.892333984375
1000,571,0,288.02777099609375
309,923,0,288.1579284667969
950,1353,0,288.19610595703125
401,1674,0,288.2134704589844
1424,2089,0,288.2134704589844
2045,1697,0,288.3210144042969
855,1169,0,288.3487548828125
2406,282,0,288.39556884765625
428,1213,0,288.44757080078125
926,324,0,288.50823974609375
198,1041,0,288.6485900878906
568,2189,0,288.6728210449219
1041,2242,0,288.8892517089844
814,182,0,289.0069274902344
22,1951,0,289.2887878417969
178,1406,0,289.2956848144531
285,1168,0,289.3026123046875
394,1956,0,289.37518310546875
2635,1205,0,289.3769226074219
286,2371,0,289.46502685546875
2723,465,0,289.48748779296875
895,488,0,289.5617370605469
1608,1536,0,289.6584167480469
2595,1369,0,289.6636047363281
338,46,0,289.6963806152344
2171,2435,0,289.7222900390625
2447,594,0,289.7257385253906
321,299,0,289.77923583984375
1804,68,0,289.77923583984375
162,1663,0,289.8413391113281
2319,1334,0,290.2171630859375
918,733,0,290.33258056640625
599,120,0,290.8349914550781
785,1482,0,290.8831481933594
585,511,0,290.99139404296875
1082,831,0,291.0188903808594
730,1625,0,291.0412292480469
2057,2241,0,291.20611572265625
835,291,0,291.2507629394531
555,2111,0,291.3228454589844
1977,584,0,291.3382873535156
1807,900,0,291.4309387207031
206,1592,0,291.4481201171875
448,119,0,291.60247802734375
1685,539,0,291.6178894042969
2623,1879,0,291.621337890625
965,487,0,291.64019775390625
1704,748,0,291.7498779296875
316,187,0,291.8544006347656
273,1467,0,291.9263610839844
254,1410,0,291.9845886230469
569,958,0,292.02911376953125
100,244,0,292.03424072265625
288,1695,0,292.09759521484375
383,348,0,292.10614013671875
352,350,0,292.1728820800781
789,1177,0,292.36279296875
510,15,0,292.38671875
1822,2086,0,292.388427734375
146,1232,0,292.46026611328125
1572,547,0,292.52349853515625
827,615,0,292.58673095703125
235,126,0,292.59527587890625
252,1975,0,292.62261962890625
33,1365,0,292.63629150390625
1285,270,0,292.8941650390625
847,302,0,292.9351501464844
1678,2388,0,292.9880676269531
1919,851,0,293.0187683105469
1073,39,0,293.03753662109375
504,1006,0,293.0870056152344
155,931,0,293.1603698730469
944,556,0,293.1859436035156
2491,1134,0,293.22686767578125
1695,1536,0,293.25927734375
752,1228,0,293.358154296875
910,1983,0,293.4109802246094
1162,1088,0,293.443359375
277,800,0,293.4723205566406
2498,1259,0,293.4757080078125
1902,222,0,293.4944763183594
208,1249,0,293.5080871582031
2465,1032,0,293.58984375
263,2297,0,293.60687255859375
1092,594,0,293.6221923828125
1011,1660,0,293.8077697753906
1301,18,0,293.85540771484375
1759,2081,0,293.88604736328125
2396,1730,0,293.8928527832031
1175,2308,0,293.93878173828125
1288,2281,0,294.051025390625
1213,58,0,294.0782165527344
2521,1625,0,294.1054382324219
2020,1591,0,294.1479187011719
2286,1950,0,294.1581115722656
2394,76,0,294.19720458984375
497,1683,0,294.2040100097656
83,813,0,294.2159118652344
613,2288,0,294.22100830078125
2209,969,0,294.2532958984375
1602,1243,0,294.3297424316406
831,522,0,294.353515625
2268,1026,0,294.4961853027344
2602,1543,0,294.5267333984375
836,1950,0,294.7999267578125
56,414,0,294.85589599609375
1334,491,0,294.87115478515625
1621,349,0,294.911865234375
264,1398,0,295.0
51,518,0,295.28460693359375
561,915,0,295.4708251953125
2278,1548,0,295.49957275390625
382,164,0,295.57232666015625
738,1522,0,295.6044616699219
1851,576,0,295.6180114746094
1327,1018,0,295.6974792480469
791,1450,0,295.7735595703125
673,107,0,295.807373046875
2103,1246,0,295.849609375
1580,674,0,295.9290466308594
1078,1549,0,295.9696044921875
992,613,0,296.0591125488281
80,2353,0,296.2093811035156
2381,1144,0,296.2093811035156
1420,573,0,296.21783447265625
1911,219,0,296.3410339355469
2476,2248,0,296.3494567871094
1520,267,0,296.38995361328125
1489,42,0,296.4978942871094
372,1734,0,296.5737609863281
99,591,0,296.6108703613281
921,1412,0,296.67828369140625
324,1902,0,296.7776794433594
1051,1136,0,296.7878112792969
694,561,0,296.8720397949219
1749,395,0,296.90234375
424,934,0,296.93603515625
1475,1571,0,296.9579162597656
2621,177,0,297.0387268066406
2252,1050,0,297.1279296875
542,612,0,297.13128662109375
1195,29,0,297.1447448730469
216,411,0,297.2339172363281
320,454,0,297.3045654296875
340,402,0,297.3096008300781
830,521,0,297.311279296875
1591,1137,0,297.35333251953125
2133,2076,0,297.35333251953125
1036,564,0,297.3936767578125
84,295,0,297.4541931152344
1928,1190,0,297.46429443359375
421,786,0,297.48614501953125
1727,1048,0,297.4878234863281
937,1504,0,297.49957275390625
2111,430,0,297.5029296875
477,606,0,297.5533447265625
879,808,0,297.58697509765625
602,606,0,297.6256103515625
1671,761,0,297.7347717285156
1203,1997,0,297.76837158203125
461,1151,0,298.02349853515625
777,104,0,298.07550048828125
1722,1001,0,298.142578125
935,299,0,298.15264892578125
1946,1387,0,298.2398376464844
550,1410,0,298.2431945800781
837,156,0,298.357177734375
368,624,0,298.3873291015625
1158,1482,0,298.430908203125
1071,1030,0,298.4375915527344
1226,592,0,298.48785400390625
701,935,0,298.58331298828125
88,1645,0,298.6184997558594
706,56,0,298.66033935546875
1039,1364,0,298.7055358886719
1445,348,0,298.73565673828125
2643,2207,0,298.7842102050781
379,462,0,298.9815979003906
874,953,0,298.9849548339844
1048,131,0,298.98828125
1516,229,0,299.0100402832031
1438,491,0,299.0936279296875
2395,2136,0,299.1203918457031
1047,991,0,299.1604919433594
2335,155,0,299.1705322265625
1014,682,0,299.20562744140625
429,1625,0,299.2490539550781
1496,827,0,299.3125305175781
93,1497,0,299.38604736328125
2695,1625,0,299.4411315917969
2586,257,0,299.4761962890625
474,1234,0,299.532958984375
1028,1917,0,299.5379638671875
787,2252,0,299.5530090332031
2312,838,0,299.5596618652344
1237,582,0,299.5730285644531
705,1436,0,299.61810302734375
948,1538,0,299.6498107910156
1426,555,0,299.7215270996094
1079,104,0,299.72821044921875
2413,1592,0,299.7698974609375
1699,275,0,299.8499755859375
1328,110,0,299.87164306640625
327,584,0,299.88330078125
938,777,0,299.8999938964844
2592,1633,0,299.9033203125
2181,1509,0,299.92498779296875
2178,1160,0,299.9533386230469
1995,735,0,300.0150146484375
2349,1828,0,300.0683288574219
2475,1148,0,300.0699768066406
18,1202,0,300.0733337402344
1229,1155,0,300.1033020019531
1119,204,0,300.1299743652344
1395,155,0,300.1816101074219
826,159,0,300.2165832519531
2524,755,0,300.2548828125
280,130,0,300.3048400878906
984,501,0,300.3048400878906
1146,850,0,300.3215026855469
540,131,0,300.3764343261719
334,573,0,300.3897399902344
423,1302,0,300.39141845703125
1429,2205,0,300.411376953125
145,142,0,300.49957275390625
720,481,0,300.56781005859375
516,1720,0,300.6060485839844
72,2308,0,300.6310119628906
274,1956,0,300.654296875
117,1435,0,300.6709289550781
853,252,0,300.6792297363281
1064,1101,0,300.7972717285156
896,2092,0,300.8055725097656
2358,1458,0,300.84381103515625
1043,1412,0,301.06146240234375
2624,597,0,301.0979919433594
951,1656,0,301.142822265625
205,1547,0,301.21917724609375
744,359,0,301.5144958496094
2552,514,0,301.56591796875
126,2162,0,301.56756591796875
792,1254,0,301.63055419921875
766,1219,0,301.68194580078125
209,329,0,301.69189453125
1227,1939,0,301.7499084472656
1181,1912,0,301.7631530761719
7,1815,0,301.7747497558594
1963,2372,0,301.79296875
182,214,0,301.8128662109375
1022,287,0,301.9884033203125
276,705,0,302.0728454589844
1551,1864,0,302.0761413574219
2074,351,0,302.1158752441406
49,1069,0,302.1473083496094
1020,624,0,302.24493408203125
582,591,0,302.3540954589844
728,1026,0,302.3822021484375
1165,1592,0,302.4632263183594
819,1717,0,302.51776123046875
2044,838,0,302.5309753417969
1755,483,0,302.7044677734375
2730,1503,0,302.7424621582031
492,1429,0,302.7705383300781
1831,778,0,302.7721862792969
1450,2445,0,302.84979248046875
1220,1658,0,302.9686584472656
2638,1881,0,302.9752502441406
754,1547,0,302.99835205078125
655,127,0,303.05609130859375
793,1297,0,303.1418762207031
2732,1504,0,303.1435241699219
488,89,0,303.2177429199219
1281,82,0,303.2193908691406
1708,2186,0,303.25238037109375
656,1478,0,303.3381042480469
1895,1924,0,303.4386291503906
672,802,0,303.4435729980469
378,90,0,303.4666442871094
605,1709,0,303.5045166015625
2439,1243,0,303.514404296875
124,2126,0,303.5835876464844
1134,914,0,303.5852355957031
2584,2138,0,303.6181945800781
1636,1849,0,303.7762451171875
2245,1192,0,303.8074951171875
2265,609,0,303.86016845703125
24,2126,0,303.8683776855469
259,1203,0,303.90460205078125
1221,303,0,303.975341796875
265,301,0,303.99835205078125
2269,740,0,304.0493469238281
1889,708,0,304.0756530761719
385,741,0,304.0904541015625
240,1516,0,304.1332092285156
1245,684,0,304.136474609375
790,1591,0,304.14471435546875
219,808,0,304.1792297363281
1222,816,0,304.2219543457031
1166,310,0,304.2663269042969
459,344,0,304.2926330566406
298,309,0,304.3057556152344
17,2434,0,304.338623046875
737,1318,0,304.3451843261719
344,561,0,304.3648986816406
1302,98,0,304.3846130371094
775,31,0,304.41748046875
2691,1870,0,304.43060302734375
1437,1297,0,304.4618225097656
646,1949,0,304.49139404296875
1207,1549,0,304.501220703125
62,1101,0,304.5258483886719
2024,773,0,304.5422668457031
1951,149,0,304.5701904296875
1044,547,0,304.5948181152344
1223,2290,0,304.85406494140625
1191,573,0,304.9049072265625
1936,530,0,304.9245910644531
46,359,0,304.9541015625
1029,911,0,304.9704895019531
574,2161,0,304.97869873046875
859,1372,0,305.0950622558594
158,1842,0,305.11474609375
222,1320,0,305.1163635253906
1354,1396,0,305.1409606933594
511,1254,0,305.1687927246094
873,1467,0,305.17864990234375
1152,1623,0,305.21795654296875
1613,302,0,305.2392578125
110,780,0,305.2638244628906
553,2023,0,305.2638244628906
1407,1393,0,305.2703857421875
139,104,0,305.2867431640625
970,147,0,305.3309631347656
537,2281,0,305.3768310546875
237,1458,0,305.39154052734375
1202,145,0,305.4046630859375
1232,1160,0,305.412841796875
714,1387,0,305.5748596191406
750,613,0,305.5814208984375
1193,712,0,305.61578369140625
776,352,0,305.6943054199219
499,1252,0,305.7008361816406
2430,517,0,305.74334716796875
1178,873,0,305.7629699707031
940,259,0,305.8251037597656
27,1516,0,305.8725280761719
539,911,0,305.88397216796875
628,889,0,305.898681640625
994,1412,0,305.898681640625
860,132,0,306.00164794921875
657,1372,0,306.0261535644531
519,2065,0,306.04412841796875
1833,1141,0,306.10455322265625
665,813,0,306.1241455078125
1038,726,0,306.2482604980469
356,1669,0,306.2809143066406
1811,1642,0,306.2825622558594
1434,13,0,306.3462219238281
651,562,0,306.3853759765625
654,2227,0,306.4163818359375
2034,776,0,306.47186279296875
774,1220,0,306.5093688964844
1212,1734,0,306.5142822265625
1748,151,0,306.5175476074219
2619,1745,0,306.53057861328125
267,541,0,306.5534362792969
575,260,0,306.61212158203125
538,171,0,306.62353515625
521,1624,0,306.6675720214844
1205,137,0,306.7295227050781
2285,1969,0,306.7392883300781
2601,2347,0,306.8126525878906
357,855,0,306.8615417480469
904,26,0,306.8778381347656
66,729,0,306.9511413574219
410,19,0,306.96417236328125
725,2288,0,307.01629638671875
1299,1906,0,307.0618896484375
416,1898,0,307.0944519042969
801,471,0,307.13677978515625
236,1927,0,307.1449279785156
652,2014,0,307.1774597167969
1578,41,0,307.1969909667969
142,505,0,307.22467041015625
659,2017,0,307.3337097167969
1914,261,0,307.3564758300781
880,2020,0,307.3759765625
1524,1905,0,307.4264221191406
449,219,0,307.4410400390625
532,2392,0,307.4670715332031
2622,2173,0,307.48822021484375
1086,1041,0,307.5174865722656
818,144,0,307.56951904296875
588,2304,0,307.5873718261719
2410,440,0,307.65240478515625
851,2447,0,307.6637878417969
45,488,0,307.72552490234375
748,1103,0,307.7287902832031
1920,661,0,307.8002624511719
2001,77,0,307.8424987792969
641,330,0,307.9139404296875
1200,238,0,307.9188232421875
1515,1960,0,307.9188232421875
1986,720,0,307.93505859375
278,1121,0,307.9447937011719
1698,2199,0,307.98052978515625
1970,256,0,308.0
536,1600,0,308.0178527832031
840,2300,0,308.0340881347656
2059,1107,0,308.1265869140625
1271,314,0,308.16229248046875
957,365,0,308.2385559082031
441,753,0,308.2872009277344
397,656,0,308.3293762207031
290,231,0,308.3682861328125
233,1543,0,308.42828369140625
927,21,0,308.45745849609375
337,97,0,308.4898681640625
1797,1160,0,308.5028381347656
1843,205,0,308.5887145996094
1738,657,0,308.6681213378906
395,689,0,308.7296447753906
118,1682,0,308.75555419921875
743,2340,0,308.84136962890625
1690,207,0,308.88671875
1624,376,0,308.89642333984375
1896,497,0,308.9627685546875
330,1700,0,308.9919128417969
773,2177,0,309.1035461425781
487,2399,0,309.10516357421875
1358,299,0,309.1407470703125
1762,598,0,309.1455993652344
723,915,0,309.16986083984375
832,678,0,309.2038269042969
452,836,0,309.2959899902344
2368,2281,0,309.3008117675781
997,1440,0,309.3105163574219
2713,143,0,309.3169860839844
583,1173,0,309.32183837890625
1027,1516,0,309.3590087890625
195,281,0,309.4689025878906
1533,678,0,309.480224609375
969,624,0,309.4947509765625
952,1343,0,309.5690612792969
869,244,0,309.5706787109375
231,951,0,309.61590576171875
130,1406,0,309.6401062011719
2485,859,0,309.67401123046875
188,2189,0,309.71600341796875
2189,1355,0,309.77410888671875
486,254,0,309.7999267578125
140,1660,0,309.85479736328125
111,2259,0,309.8951416015625
2497,911,0,309.92095947265625
592,1042,0,309.92901611328125
168,34,0,309.9371032714844
186,2372,0,309.9386901855469
81,386,0,309.97418212890625
2434,1726,0,309.97418212890625
1192,1479,0,309.98870849609375
848,1807,0,310.02581787109375
238,1537,0,310.0290222167969
1275,1320,0,310.0983581542969
230,2243,0,310.14190673828125
1251,969,0,310.1483459472656
821,1449,0,310.1757507324219
404,547,0,310.216064453125
36,2007,0,310.2257385253906
1427,310,0,310.28533935546875
1957,1245,0,310.3143615722656
2206,1501,0,310.3272399902344
326,2055,0,310.3836364746094
618,2189,0,310.4335632324219
749,681,0,310.44000244140625
2018,692,0,310.452880859375
436,1830,0,310.59942626953125
333,707,0,310.6847229003906
564,883,0,310.8038024902344
816,1031,0,310.805419921875
2177,1631,0,310.84722900390625
815,2151,0,310.93408203125
707,1489,0,310.9646301269531
1915,206,0,310.9710693359375
361,1362,0,311.0289306640625
1068,805,0,311.0594787597656
1649,1760,0,311.06591796875
676,147,0,311.1607360839844
784,2251,0,311.18804931640625
798,430,0,311.2201843261719
922,971,0,311.273193359375
664,1376,0,311.29248046875
559,618,0,311.3791809082031
2545,561,0,311.4096984863281
1176,1782,0,311.41131591796875
300,958,0,311.4498291015625
623,501,0,311.5332946777344
1110,2009,0,311.5766296386719
1208,505,0,311.58306884765625
998,1069,0,311.6007080078125
1603,251,0,311.60552978515625
251,2136,0,311.6536560058594
2390,1416,0,311.66168212890625
946,955,0,311.7322692871094
594,2327,0,311.7691345214844
400,504,0,311.8220520019531
192,2243,0,311.84613037109375
648,303,0,311.8926086425781
1204,1773,0,311.9246826171875
43,1116,0,311.9294738769531
844,350,0,311.9375
44,1077,0,311.9535217285156
2180,340,0,312.03204345703125
446,1950,0,312.1906433105469
1090,962,0,312.27392578125
2440,597,0,312.288330078125
1286,353,0,312.2931213378906
1933,1367,0,312.3267517089844
313,438,0,312.3731689453125
1116,2290,0,312.3875732421875
207,1845,0,312.4324035644531
108,729,0,312.4627990722656
634,1330,0,312.51239013671875
180,597,0,312.5364074707031
2193,1961,0,312.54119873046875
306,411,0,312.5987854003906
2371,1486,0,312.6307678222656
246,1488,0,312.6387634277344
301,849,0,312.6531677246094
281,833,0,312.7411193847656
1249,213,0,312.77947998046875
800,794,0,312.8450012207031
2110,1920,0,312.84979248046875
1495,801,0,313.0543212890625
1120,1125,0,313.0782775878906
1069,2059,0,313.0990295410156
1163,1007,0,313.1101989746094
1322,661,0,313.114990234375
2722,466,0,313.14215087890625
576,2243,0,313.2012023925781
2687,362,0,313.2427062988281
399,379,0,313.24432373046875
1183,463,0,313.24432373046875
1186,2361,0,313.2507019042969
961,1721,0,313.2522888183594
204,1522,0,313.2857971191406
907,1121,0,313.3623962402344
1278,1019,0,313.4054870605469
109,947,0,313.5235290527344
1139,1013,0,313.5283203125
2345,752,0,313.54425048828125
289,131,0,313.6000671386719
187,110,0,313.73077392578125
106,92,0,313.741943359375
388,326,0,313.8056640625
1881,1030,0,313.8104553222656
409,1840,0,313.8423156738281
1406,2258,0,313.9936218261719
596,830,0,314.0493469238281
913,234,0,314.0621032714844
2577,214,0,314.149658203125
578,674,0,314.1607971191406
348,1893,0,314.17193603515625
1545,1992,0,314.22125244140625
1127,657,0,314.2339782714844
2606,1362,0,314.26739501953125
1126,313,0,314.2801208496094
1477,1527,0,314.340576171875
1564,2313,0,314.4996032714844
721,317,0,314.6776123046875
470,777,0,314.7443542480469
1868,294,0,314.776123046875
2087,753,0,314.779296875
210,634,0,314.8126525878906
740,633,0,314.88409423828125
325,1253,0,314.9047546386719
2253,1312,0,314.9063415527344
2427,1638,0,314.9190368652344
1829,775,0,315.00634765625
1653,299,0,315.05712890625
2541,615,0,315.05712890625
177,1466,0,315.066650390625
279,1122,0,315.193603515625
767,139,0,315.2332458496094
1118,1170,0,315.2348327636719
909,1239,0,315.2380065917969
1194,2255,0,315.27447509765625
464,517,0,315.29034423828125
1247,248,0,315.3505859375
1151,1728,0,315.3822937011719
151,392,0,315.43145751953125
1456,1057,0,315.51702880859375
1953,1391,0,315.5439758300781
846,323,0,315.5550537109375
577,462,0,315.5851745605469
1531,677,0,315.5867614746094
40,1938,0,315.640625
134,1264,0,315.6517028808594
445,739,0,315.6849670410156
1832,2094,0,315.7530822753906
323,1374,0,315.8005676269531
224,1387,0,315.813232421875
70,862,0,315.84173583984375
456,692,0,315.8544006347656
603,119,0,315.8749694824219
972,281,0,315.8749694824219
1335,219,0,315.89239501953125
2287,1386,0,315.908203125
291,1951,0,315.97784423828125
58,2142,0,315.9936828613281
861,1845,0,316.0458679199219
2115,1270,0,316.0727844238281
520,2377,0,316.082275390625
8,1473,0,316.1265563964844
430,292,0,316.1645202636719
1268,843,0,316.221435546875
2685,1721,0,316.2230224609375
1543,1027,0,316.2451477050781
2321,1455,0,316.2483215332031
825,145,0,316.2973327636719
881,1818,0,316.3241882324219
1263,2175,0,316.36529541015625
1155,827,0,316.3716125488281
295,1831,0,316.381103515625
1796,1048,0,316.3874206542969
1780,274,0,316.4063720703125
369,829,0,316.42535400390625
1400,921,0,316.434814453125
1709,2185,0,316.4632568359375
996,798,0,316.48223876953125
1143,586,0,316.5106506347656
349,950,0,316.5201416015625
988,26,0,316.5264587402344
347,409,0,316.73333740234375
2507,2047,0,316.7364807128906
1253,1677,0,316.7380676269531
14,1784,0,316.744384765625
1182,1942,0,316.7869873046875
823,2268,0,316.8248596191406
2223,884,0,316.8816833496094
350,2184,0,316.9006042480469
389,183,0,316.9432067871094
250,578,0,316.9731750488281
1959,1155,0,317.0015869140625
304,1213,0,317.1576843261719
1114,955,0,317.16241455078125
1362,2325,0,317.1955261230469
1643,1692,0,317.20654296875
432,1164,0,317.2301940917969
1080,2377,0,317.27117919921875
2079,1622,0,317.2853698730469
862,483,0,317.29010009765625
1102,2017,0,317.35784912109375
669,126,0,317.4019470214844
2668,627,0,317.4350280761719
105,344,0,317.4586486816406
467,2206,0,317.46337890625
630,299,0,317.5106201171875
1231,265,0,317.53582763671875
1583,933,0,317.5405578613281
780,681,0,317.5610046386719
489,696,0,317.61297607421875
658,1830,0,317.73101806640625
493,530,0,317.7955322265625
161,1125,0,317.85687255859375
314,800,0,317.89306640625
1826,1807,0,317.95440673828125
809,766,0,317.96539306640625
1106,950,0,318.04718017578125
989,741,0,318.0864562988281
52,1329,0,318.1917724609375
2615,317,0,318.1996154785156
166,564,0,318.25775146484375
1691,391,0,318.36614990234375
695,409,0,318.3912658691406
332,1722,0,318.3928527832031
253,2315,0,318.4101257324219
1100,1133,0,318.5105895996094
1248,2249,0,318.6173400878906
1317,2388,0,318.68951416015625
355,1925,0,318.692626953125
412,2086,0,318.7114562988281
1224,860,0,318.7177429199219
991,147,0,318.7569580078125
398,657,0,318.8369445800781
503,509,0,318.8824157714844
2002,560,0,318.9012451171875
829,603,0,318.9341735839844
945,593,0,318.9341735839844
471,1225,0,318.9498291015625
2117,1666,0,319.0093994140625
929,932,0,319.01568603515625
1305,1658,0,319.0313415527344
1632,1511,0,319.1285095214844
1777,2423,0,319.1708068847656
759,285,0,319.2585144042969
956,432,0,319.266357421875
211,419,0,319.2835693359375
287,815,0,319.2835693359375
2015,733,0,319.30706787109375
760,290,0,319.311767578125
1819,1545,0,319.4776916503906
1412,681,0,319.4964904785156
1763,1014,0,319.50274658203125
890,2003,0,319.5215148925781
2725,2005,0,319.5434265136719
328,138,0,319.5481262207031
778,2352,0,319.5574951171875
843,30,0,319.5637512207031
2728,1152,0,319.56689453125
1005,1070,0,319.5762939453125
1019,1343,0,319.5762939453125
2109,1478,0,319.6545104980469
2731,1490,0,319.6591796875
865,1143,0,319.7045593261719
141,2301,0,319.7108154296875
2686,188,0,319.7123718261719
976,568,0,319.7936706542969
571,815,0,319.8155822753906
367,1599,0,319.8233947753906
194,1506,0,319.94061279296875
1482,261,0,319.96563720703125
683,1335,0,319.98126220703125
2639,76,0,320.02813720703125
686,1901,0,320.04998779296875
690,1087,0,320.07342529296875
1042,92,0,320.1015319824219
1180,815,0,320.1593322753906
255,1386,0,320.1780700683594
2013,2353,0,320.184326171875
138,590,0,320.2155456542969
1270,1571,0,320.25146484375
1085,611,0,320.2857971191406
1012,536,0,320.3248291015625
1272,541,0,320.3341979980469
888,2002,0,320.37945556640625
1154,21,0,320.3966369628906
675,2322,0,320.41534423828125
299,1429,0,320.43408203125
668,2017,0,320.4606018066406
2388,2206,0,320.4715270996094
1332,90,0,320.47308349609375
107,1830,0,320.4824523925781
936,863,0,320.51678466796875
849,1026,0,320.533935546875
1083,296,0,320.5354919433594
1282,460,0,320.55889892578125
625,110,0,320.5635681152344
1218,118,0,320.6477966308594
722,1137,0,320.66961669921875
114,1812,0,320.6727294921875
1961,708,0,320.7164001464844
1785,1404,0,320.8301696777344
23,1228,0,320.91119384765625
1865,872,0,320.9423522949219
509,1208,0,320.9486083984375
2122,239,0,320.9563903808594
1057,282,0,320.9610595703125
359,76,0,320.9735107421875
522,1156,0,320.979736328125
176,955,0,320.99066162109375
2733,1514,0,321.0062255859375
364,495,0,321.0373840332031
558,706,0,321.0887756347656
472,2177,0,321.1105651855469
2724,258,0,321.17596435546875
624,677,0,321.21331787109375
704,542,0,321.26934814453125
34,1924,0,321.2771301269531
1769,2071,0,321.3300476074219
2571,733,0,321.3876037597656
593,291,0,321.401611328125
632,2189,0,321.4218444824219
1015,945,0,321.5182800292969
1084,150,0,321.6069030761719
1256,190,0,321.6239929199219
912,116,0,321.64422607421875
1976,1374,0,321.6830749511719
137,2129,0,321.6893005371094
2185,931,0,321.704833984375
526,1281,0,321.721923828125
1355,2151,0,321.7405700683594
1409,2086,0,321.7607727050781
1001,268,0,321.7623291015625
490,657,0,321.7949523925781
2648,1255,0,321.83380126953125
2404,1243,0,321.8602294921875
218,1051,0,321.93011474609375
601,580,0,321.9425354003906
439,5,0,321.944091796875
711,780,0,321.9627380371094
1389,37,0,321.9627380371094
640,2335,0,321.9736022949219
496,1155,0,322.01397705078125
478,1183,0,322.0496826171875
584,539,0,322.0791931152344
735,445,0,322.1226501464844
1016,12,0,322.1257629394531
500,57,0,322.1272888183594
1121,1691,0,322.19403076171875
1404,2443,0,322.2250671386719
2207,378,0,322.2623291015625
517,873,0,322.2654113769531
1760,391,0,322.2685241699219
1101,2005,0,322.27471923828125
906,1122,0,322.3662414550781
97,683,0,322.42828369140625
415,1046,0,322.457763671875
1089,1320,0,322.4825439453125
661,427,0,322.48565673828125
610,948,0,322.5089111328125
691,1198,0,322.6236267089844
653,1853,0,322.6437683105469
924,2102,0,322.7940368652344
101,398,0,322.8746032714844
458,1546,0,322.8838806152344
1433,1313,0,322.9009094238281
2037,120,0,322.98297119140625
805,1269,0,323.00775146484375
1598,2108,0,323.01239013671875
1156,1634,0,323.077392578125
2640,312,0,323.095947265625
971,2423,0,323.11297607421875
2537,301,0,323.1145324707031
2649,126,0,323.1501159667969
552,505,0,323.16558837890625
1793,1410,0,323.177978515625
181,1302,0,323.187255859375
772,849,0,323.1949768066406
557,362,0,323.20428466796875
870,205,0,323.2290344238281
1799,1122,0,323.2769775390625
37,2008,0,323.3759460449219
709,2146,0,323.4223327636719
2612,56,0,323.4223327636719
795,940,0,323.4269714355469
530,756,0,323.47796630859375
1641,1358,0,323.5335998535156
2325,1130,0,323.539794921875
1169,917,0,323.61395263671875
87,665,0,323.62786865234375
565,2057,0,323.7236328125
1267,1439,0,323.7761535644531
771,1998,0,323.81939697265625
1262,774,0,323.83636474609375
916,1013,0,323.8641662597656
317,2180,0,323.9166564941406
2607,525,0,323.918212890625
2313,491,0,323.9228210449219
462,572,0,323.9398193359375
29,749,0,324.0509338378906
1103,1466,0,324.0802307128906
406,535,0,324.0895080566406
1091,1835,0,324.1650695800781
769,1415,0,324.2868957519531
914,1437,0,324.2884521484375
2065,2322,0,324.2900085449219
817,293,0,324.305419921875
2242,2096,0,324.3146667480469
2311,826,0,324.3377990722656
689,28,0,324.4225769042969
1168,1720,0,324.4256591796875
1059,1723,0,324.5150146484375
1236,646,0,324.5242614746094
1311,271,0,324.552001953125
1422,1706,0,324.552001953125
1821,2067,0,324.5951232910156
562,411,0,324.6598205566406
2058,655,0,324.69061279296875
745,545,0,324.69525146484375
598,1630,0,324.7491455078125
150,32,0,324.77685546875
2108,40,0,324.84918212890625
1645,2104,0,324.8753662109375
1466,463,0,324.8938293457031
1682,1964,0,324.9092102050781
514,2245,0,324.99383544921875
1255,285,0,325.1276550292969
1536,244,0,325.15228271484375
547,1765,0,325.17840576171875
1244,1580,0,325.17840576171875
607,2368,0,325.1983947753906
1242,1906,0,325.2691345214844
1254,62,0,325.29217529296875
128,1676,0,325.3398132324219
68,1205,0,325.39666748046875
1097,876,0,325.5057678222656
684,1945,0,325.5733337402344
736,700,0,325.5994567871094
1537,1946,0,325.6301574707031
1074,236,0,325.72381591796875
824,207,0,325.779052734375
1032,1180,0,325.8926086425781
494,596,0,325.89569091796875
1352,1745,0,325.897216796875
1403,133,0,325.9708557128906
431,2283,0,325.978515625
796,723,0,325.98773193359375
442,1563,0,326.09814453125
2426,32,0,326.125732421875
671,1170,0,326.1288146972656
715,629,0,326.1288146972656
2295,1253,0,326.13494873046875
199,2372,0,326.2361145019531
546,2056,0,326.2437744140625
999,1115,0,326.2667541503906
1394,684,0,326.2774963378906
1201,738,0,326.32958984375
981,2260,0,326.3985290527344
1058,16,0,326.4107971191406
380,243,0,326.4812316894531
939,345,0,326.48583984375
1065,378,0,326.5118713378906
405,1389,0,326.5271911621094
1435,1158,0,326.63433837890625
746,1738,0,326.6864013671875
2590,228,0,326.74609375
1177,619,0,326.74761962890625
1432,2283,0,326.79046630859375
1665,1145,0,326.8011779785156
608,466,0,326.81494140625
595,103,0,326.8761291503906
806,1078,0,326.9327087402344
1845,337,0,326.94647216796875
633,1721,0,326.94952392578125
1944,993,0,327.0076599121094
2383,354,0,327.0611572265625
35,241,0,327.0672607421875
1397,20,0,327.122314453125
2164,2146,0,327.20941162109375
1160,560,0,327.2139892578125
2445,754,0,327.2491455078125
443,2271,0,327.2781677246094
803,194,0,327.2965087890625
670,1328,0,327.3209533691406
1368,24,0,327.34539794921875
763,137,0,327.36370849609375
919,1917,0,327.3851013183594
727,23,0,327.4079895019531
1453,2192,0,327.4584045410156
1087,889,0,327.4721374511719
427,2277,0,327.514892578125
2503,624,0,327.5698547363281
710,1386,0,327.7071838378906
13,741,0,327.7331237792969
167,574,0,327.7544860839844
638,260,0,327.820068359375
266,270,0,327.826171875
25,728,0,327.9725646972656
606,2148,0,327.9832458496094
2308,1133,0,328.0091552734375
700,2086,0,328.0182800292969
1170,254,0,328.0426940917969
2088,964,0,328.05792236328125
1631,627,0,328.0914611816406
747,261,0,328.10821533203125
228,832,0,328.1783142089844
886,466,0,328.1813659667969
674,2247,0,328.18438720703125
95,962,0,328.23773193359375
149,1134,0,328.30322265625
305,1006,0,328.33062744140625
217,1062,0,328.3702087402344
1656,1253,0,328.4311218261719
1030,1398,0,328.5544128417969
508,1302,0,328.581787109375
1622,1693,0,328.62896728515625
1943,43,0,328.7232971191406
498,956,0,328.765869140625
1344,1074,0,328.7886962890625
968,391,0,328.8555908203125
1527,1203,0,328.8783874511719
2236,205,0,328.91790771484375
197,1721,0,328.92095947265625
889,2283,0,328.98175048828125
1007,2427,0,328.98175048828125
2694,2053,0,329.0258483886719
1234,1488,0,329.03192138671875
753,2330,0,329.0501403808594
955,1046,0,329.074462890625
527,1806,0,329.1109313964844
466,889,0,329.1488952636719
1006,890,0,329.156494140625
717,1191,0,329.18536376953125
660,1031,0,329.2035827636719
307,756,0,329.2157287597656
1033,1159,0,329.2628173828125
1494,145,0,329.2628173828125
1136,1336,0,329.3038024902344
1072,551,0,329.3660583496094
262,2243,0,329.3736572265625
390,1904,0,329.419189453125
1786,510,0,329.43133544921875
1149,252,0,329.4996337890625
2081,739,0,329.5254211425781
666,864,0,329.5345153808594
1112,806,0,329.5785217285156
1356,505,0,329.6058349609375
679,923,0,329.6922912597656
966,609,0,329.7559814453125
2179,339,0,329.7574768066406
1968,504,0,329.7787170410156
1108,573,0,329.7847900390625
90,957,0,329.8059997558594
807,985,0,329.8211669921875
990,253,0,329.84844970703125
551,566,0,329.8681640625
663,91,0,329.8893737792969
782,174,0,329.8984680175781
1981,985,0,329.9606018066406
71,471,0,330.00152587890625
346,2074,0,330.0121154785156
203,1692,0,330.0257568359375
223,2017,0,330.051513671875
284,2275,0,330.1378479003906
2095,919,0,330.1545104980469
444,617,0,330.1711730957031
414,1776,0,330.2272033691406
953,2274,0,330.2559509277344
1265,1964,0,330.351318359375
131,876,0,330.3785705566406
1849,71,0,330.41790771484375
949,197,0,330.4209289550781
1674,80,0,330.534423828125
1538,1652,0,330.54803466796875
1132,164,0,330.5525817871094
12,939,0,330.5692138671875
1260,204,0,330.59490966796875
1096,1693,0,330.6070251464844
2227,784,0,330.6191101074219
345,2099,0,330.7174072265625
1107,1087,0,330.7174072265625
2300,1050,0,330.7718200683594
751,517,0,330.83831787109375
1687,1545,0,330.87762451171875
366,1615,0,330.8851623535156
978,282,0,330.919921875
2458,1191,0,330.95013427734375
872,1618,0,330.9848937988281
1486,1254,0,331.089111328125
2721,1545,0,331.1087341308594
227,912,0,331.18121337890625
1206,528,0,331.22198486328125
515,1132,0,331.26123046875
358,656,0,331.2974548339844
1115,700,0,331.30499267578125
229,935,0,331.32763671875
1714,974,0,331.3457336425781
1444,1623,0,331.3789367675781
319,841,0,331.4393005371094
967,222,0,331.4739685058594
2700,137,0,331.51922607421875
143,2311,0,331.5690002441406
343,700,0,331.5855712890625
1031,624,0,331.6247863769531
982,869,0,331.6368408203125
1026,1077,0,331.6549377441406
121,1064,0,331.7001647949219
1062,1683,0,331.7091979980469
96,665,0,331.7107238769531
2098,1602,0,331.7152404785156
248,1596,0,331.7212829589844
2353,1990,0,331.8553771972656
303,1267,0,331.8719482421875
32,1533,0,331.87799072265625
838,792,0,331.8810119628906
2073,350,0,331.88702392578125
1929,599,0,331.9156494140625
1105,754,0,332.05572509765625
2719,2242,0,332.06024169921875
1070,256,0,332.1023864746094
2194,1290,0,332.1400451660156
2135,125,0,332.2002258300781
282,807,0,332.2243347167969
627,190,0,332.3070983886719
887,465,0,332.3146057128906
2379,2194,0,332.3747863769531
973,394,0,332.3958435058594
839,2307,0,332.4469909667969
718,1682,0,332.4635314941406
260,1893,0,332.53271484375
1546,223,0,332.561279296875
302,2352,0,332.5913391113281
506,2380,0,332.59283447265625
589,1037,0,332.6138916015625
116,794,0,332.6725158691406
631,301,0,332.7206115722656
842,21,0,332.7386474609375
2653,1888,0,332.7476501464844
1010,1216,0,332.78070068359375
2222,884,0,332.812255859375
525,310,0,332.8603210449219
1259,1134,0,332.86334228515625
1066,226,0,332.8948669433594
716,1070,0,332.91290283203125
563,1960,0,332.92041015625
202,75,0,332.9309387207031
512,1814,0,332.9594421386719
1277,1046,0,333.0795593261719
2529,2128,0,333.18463134765625
2463,1721,0,333.192138671875
1924,1145,0,333.2176513671875
505,103,0,333.22064208984375
270,856,0,333.2731628417969
813,1574,0,333.2881774902344
1210,2319,0,333.3196716308594
699,1387,0,333.3406677246094
1387,2134,0,333.40216064453125
1250,363,0,333.4591369628906
765,740,0,333.4621276855469
1794,1855,0,333.47113037109375
1054,329,0,333.4771423339844
469,855,0,333.4891357421875
2389,1531,0,333.49212646484375
1172,545,0,333.5461120605469
597,851,0,333.677978515625
1049,680,0,333.677978515625
1402,637,0,333.7169494628906
261,21,0,333.7259216308594
2038,787,0,333.7708740234375
2166,472,0,333.8592529296875
1747,995,0,333.8697204589844
1476,2137,0,333.9116516113281
460,727,0,334.0149841308594
193,53,0,334.06884765625
2324,131,0,334.0778503417969
2436,753,0,334.0898132324219
1312,32,0,334.0972900390625
1733,1026,0,334.1242370605469
39,2353,0,334.1436767578125
1303,446,0,334.1451721191406
579,559,0,334.14666748046875
1723,1465,0,334.1481628417969
413,1839,0,334.2035217285156
934,615,0,334.3067321777344
1095,462,0,334.3082275390625
2530,2129,0,334.4562683105469
1161,2290,0,334.47869873046875
2132,1116,0,334.4951477050781
82,379,0,334.5250244140625
871,1208,0,334.580322265625
637,592,0,334.6147155761719
1164,1137,0,334.6147155761719
794,1367,0,334.67596435546875
363,1459,0,334.74468994140625
31,1135,0,334.81787109375
438,539,0,334.8805847167969
876,2359,0,334.9985046386719
1795,327,0,335.01641845703125
903,777,0,335.03582763671875
2196,574,0,335.05224609375
1190,1654,0,335.1208801269531
1423,1071,0,335.1865234375
822,468,0,335.2297668457031
1211,263,0,335.4161682128906
920,1599,0,335.4340515136719
362,541,0,335.4429931640625
732,1244,0,335.5011291503906
28,2321,0,335.56817626953125
1125,301,0,335.6903381347656
1035,1533,0,335.70074462890625
1296,58,0,335.7305603027344
2248,39,0,335.73651123046875
1148,493,0,335.7648010253906
758,1263,0,335.7945861816406
1239,2271,0,335.8660583496094
1013,839,0,335.88092041015625
16,1027,0,335.8943176269531
1257,486,0,335.9136657714844
2609,1349,0,335.9553527832031
191,188,0,336.0520935058594
463,1624,0,336.1041564941406
329,1456,0,336.1502685546875
2726,1543,0,336.2216491699219
2560,237,0,336.2409973144531
196,1391,0,336.26922607421875
980,951,0,336.3153381347656
115,1347,0,336.4000549316406
995,2258,0,336.45654296875
2487,130,0,336.48773193359375
232,905,0,336.5887756347656
1123,1530,0,336.66748046875
729,1245,0,336.683837890625
942,254,0,336.7268981933594
2124,1157,0,336.7729187011719
1124,975,0,336.7818298339844
122,578,0,336.8011169433594
1532,144,0,336.81744384765625
249,1046,0,336.8218994140625
242,528,0,336.8560485839844
2144,43,0,336.8605041503906
1117,91,0,336.8842468261719
1189,677,0,336.9228515625
905,492,0,336.9272766113281
1171,2039,0,336.942138671875
483,1081,0,336.9643859863281
86,239,0,337.0029602050781
680,1716,0,337.0652770996094
1246,2030,0,337.381103515625
854,2204,0,337.5144348144531
1153,993,0,337.51739501953125
1009,103,0,337.55889892578125
1050,769,0,337.5973815917969
1386,409,0,337.69659423828125
419,1784,0,337.7454528808594
1502,705,0,337.9349060058594
979,864,0,337.9866943359375
2042,1378,0,338.026611328125
67,2142,0,338.0990905761719
852,1032,0,338.13311767578125
2519,1219,0,338.13458251953125
614,1496,0,338.1671142578125
1067,1413,0,338.1715393066406
636,495,0,338.2912902832031
226,2390,0,338.3119812011719
857,502,0,338.3252868652344
173,2188,0,338.36370849609375
756,253,0,338.6384582519531
256,444,0,338.6458435058594
2392,493,0,338.6827392578125
626,1466,0,338.8155822753906
635,2303,0,338.8318176269531
541,408,0,338.8450927734375
1398,472,0,338.86279296875
1093,347,0,338.8775634765625
1579,2241,0,338.8996887207031
2208,435,0,338.927734375
554,1496,0,339.08404541015625
92,1298,0,339.17840576171875
762,1901,0,339.2226257324219
133,903,0,339.2609558105469
2019,183,0,339.265380859375
779,342,0,339.39947509765625
1243,984,0,339.51287841796875
518,743,0,339.5143737792969
2620,804,0,339.6233215332031
318,1889,0,339.6483459472656
2513,542,0,339.65716552734375
983,401,0,339.7116394042969
136,491,0,339.7469787597656
783,1919,0,339.75433349609375
2452,241,0,339.75872802734375
615,1088,0,339.7763977050781
59,884,0,339.8058166503906
1504,706,0,339.8867492675781
545,735,0,340.0029296875
215,810,0,340.0573425292969
1219,1253,0,340.3233642578125
1023,812,0,340.3277893066406
1739,261,0,340.38067626953125
2558,367,0,340.4408874511719
1185,231,0,340.4599914550781
712,2189,0,340.4908142089844
234,89,0,340.5128479003906
1782,1681,0,340.545166015625
1333,2252,0,340.58038330078125
454,1911,0,340.58184814453125
9,794,0,340.5935974121094
2159,306,0,340.6640625
393,1167,0,340.7139587402344
2652,1437,0,340.7388916015625
308,2234,0,340.76531982421875
856,625,0,340.83721923828125
1283,1500,0,341.06451416015625
1137,292,0,341.0938415527344
2160,1989,0,341.1246032714844
1159,562,0,341.1451416015625
2613,2169,0,341.1627197265625
1109,2170,0,341.2682189941406
2444,1143,0,341.2989807128906
2573,509,0,341.4630432128906
845,32,0,341.4849853515625
1737,1776,0,341.5040283203125
1754,1717,0,341.5216064453125
1273,1317,0,341.5274658203125
1379,947,0,341.5376892089844
495,1174,0,341.6650390625
434,280,0,341.6913757324219
2681,1935,0,341.71478271484375
933,1074,0,341.73382568359375
411,1941,0,341.7630615234375
403,1851,0,341.7718505859375
269,674,0,341.8347473144531
1776,1051,0,341.8888854980469
373,1036,0,341.9225158691406
1772,957,0,341.9342041015625
1008,545,0,341.9590759277344
491,1370,0,341.96051025390625
507,755,0,341.96636962890625
1900,905,0,342.0730895996094
1230,1212,0,342.1300964355469
10,755,0,342.1607666015625
788,592,0,342.21337890625
581,1733,0,342.2951965332031
719,637,0,342.308349609375
693,437,0,342.3521728515625
2575,52,0,342.40325927734375
959,2048,0,342.4309997558594
1075,1810,0,342.4733581542969
533,60,0,342.5697021484375
681,1006,0,342.6353759765625
1726,1454,0,342.7579345703125
257,2435,0,342.8104553222656
1261,1931,0,342.91253662109375
2016,580,0,343.0320739746094
2520,1220,0,343.0670471191406
1612,2424,0,343.08453369140625
1094,348,0,343.09912109375
1388,607,0,343.1238708496094
1346,864,0,343.142822265625
2190,259,0,343.322021484375
1052,688,0,343.32928466796875
1214,592,0,343.4836120605469
1884,1278,0,343.4996337890625
1145,1372,0,343.6829833984375
761,1385,0,343.76300048828125
1972,344,0,343.7848205566406
1600,351,0,343.8342590332031
1377,1236,0,343.86187744140625
1908,2290,0,343.8836975097656
943,142,0,343.8909606933594
1697,1186,0,343.9403991699219
418,1466,0,344.00726318359375
1295,1154,0,344.1104431152344
755,489,0,344.1612854003906
1147,1197,0,344.3341369628906
15,518,0,344.5475158691406
169,1295,0,344.66796875
2163,896,0,344.6795654296875
1046,497,0,344.7810974121094
1056,721,0,344.8492431640625
163,1071,0,344.9231872558594
524,1681,0,344.9391174316406
1266,1963,0,344.9565124511719
1225,862,0,344.9739074707031
342,1219,0,344.976806640625
1098,1628,0,344.976806640625
387,38,0,345.0028991699219
213,1069,0,345.1521301269531
639,220,0,345.2911682128906
11,754,0,345.5083312988281
580,239,0,345.62841796875
757,20,0,345.6558837890625
2235,344,0,345.6645812988281
479,407,0,345.7773742675781
1021,459,0,345.86846923828125
2377,1316,0,345.910400390625
1111,1187,0,345.9494323730469
1113,1404,0,345.9710998535156
2506,1030,0,346.1416015625
1522,2083,0,346.1473693847656
1651,1628,0,346.16180419921875
292,261,0,346.1935729980469
1122,2461,0,346.6208190917969
1693,756,0,346.682861328125
1053,2200,0,346.76361083984375
513,490,0,346.85443115234375
2591,1219,0,346.8904724121094
1788,1370,0,347.0518798828125
2198,1207,0,347.0648498535156
1950,121,0,347.07635498046875
1820,391,0,347.0936584472656
858,2008,0,347.0993957519531
1569,1008,0,347.20166015625
103,1028,0,347.2535095214844
408,1603,0,347.29095458984375
885,655,0,347.3269348144531
2382,353,0,347.4104309082031
77,2220,0,347.72259521484375
2627,1628,0,347.7470397949219
64,573,0,347.84478759765625
1725,128,0,347.8821716308594
374,2347,0,347.9985656738281
2162,721,0,348.1034240722656
2372,419,0,348.17523193359375
708,1670,0,348.1795654296875
1187,215,0,348.3547058105469
2301,1331,0,348.5469970703125
901,1954,0,348.564208984375
1144,1197,0,348.56707763671875
212,2143,0,348.72625732421875
1736,2151,0,348.92694091796875
1196,2361,0,348.93695068359375
1034,347,0,349.2720947265625
884,538,0,349.3193359375
1287,786,0,349.33221435546875
1528,705,0,349.4638671875
2658,624,0,349.47247314453125
50,1743,0,349.6197814941406
2221,2435,0,349.6669921875
1857,973,0,349.6812744140625
1503,164,0,349.73419189453125
1060,1722,0,349.7899475097656
811,2060,0,349.9185485839844
1471,359,0,349.989990234375
566,1178,0,350.0542907714844
2387,1931,0,350.11712646484375
2526,2457,0,350.59234619140625
271,164,0,350.6123352050781
272,2255,0,350.6123352050781
1901,1007,0,350.7206726074219
958,2271,0,350.826171875
1425,2416,0,350.9985656738281
544,358,0,351.0071105957031
1812,190,0,351.0441589355469
465,1276,0,351.0740661621094
644,1197,0,351.12249755859375
294,436,0,351.1666259765625
1730,287,0,351.20648193359375
1633,1031,0,351.3417053222656
104,1467,0,351.3673400878906
1055,680,0,351.64044189453125
1768,604,0,351.7456359863281
1150,1420,0,351.8394470214844
94,2450,0,351.9673156738281
437,85,0,351.9673156738281
2266,2246,0,352.1789245605469
1099,1780,0,352.1846008300781
1167,1297,0,352.4088439941406
1240,851,0,352.6896667480469
2277,639,0,352.75628662109375
220,1034,0,352.7846374511719
1886,1172,0,352.9206848144531
244,470,0,353.08355712890625
548,1623,0,353.2449645996094
1490,2281,0,353.441650390625
485,17,0,353.4586181640625
620,956,0,353.84600830078125
241,2299,0,353.8672180175781
1861,377,0,353.9773864746094
622,591,0,354.091796875
1004,1337,0,354.1369934082031
1364,1493,0,354.47003173828125
1599,82,0,354.8830871582031
2204,111,0,355.0098571777344
47,918,0,355.1182861328125
908,1931,0,355.15771484375
1449,2340,0,355.2576599121094
91,2087,0,355.343505859375
2338,236,0,355.3463134765625
102,280,0,355.3997802734375
42,453,0,355.4237060546875
960,75,0,355.88623046875
962,74,0,356.1025085449219
2409,2242,0,356.1207580566406
2143,2055,0,356.1305847167969
1969,647,0,356.1460266113281
1869,957,0,356.2850036621094
954,2083,0,356.5459289550781
1988,512,0,356.5585632324219
297,1681,0,356.67071533203125
1024,829,0,356.67352294921875
833,64,0,357.29119873046875
1459,962,0,357.3499755859375
417,1093,0,357.3961486816406
2528,1747,0,357.4087219238281
455,1486,0,357.5262145996094
245,422,0,357.600341796875
1938,266,0,357.6800231933594
1367,702,0,357.71917724609375
38,973,0,357.7778625488281
2729,2321,0,357.8183898925781
696,854,0,357.8309631347656
590,463,0,357.9231872558594
370,261,0,358.0083923339844
878,1145,0,358.1717529296875
407,1218,0,358.4410705566406
932,884,0,358.6056213378906
1258,1440,0,358.72552490234375
2405,207,0,358.75897216796875
834,287,0,358.810546875
375,365,0,358.9804992675781
2205,604,0,359.1030578613281
1419,351,0,359.1406555175781
1791,213,0,359.48712158203125
1241,463,0,359.6331481933594
1365,181,0,359.7610168457031
560,1227,0,359.83746337890625
600,755,0,359.9124755859375
354,419,0,359.95556640625
69,915,0,360.4136657714844
2,564,0,360.56207275390625
609,1325,0,360.580078125
1215,1945,0,360.74505615234375
353,1813,0,361.0401611328125
172,717,0,361.6407165527344
799,1636,0,361.66973876953125
132,902,0,362.08978271484375
1,2009,0,362.57965087890625
2244,2060,0,362.6513366699219
917,269,0,362.6927185058594
1025,739,0,363.1556091308594
1129,1981,0,363.17901611328125
1002,895,0,363.5725402832031
2572,967,0,363.7361755371094
0,543,0,363.7705383300781
713,1542,0,363.8351135253906
993,472,0,364.6025085449219
1179,1702,0,364.798583984375
1216,280,0,366.55560302734375
225,2440,0,367.3050537109375
731,2245,0,367.84100341796875
941,748,0,368.06793212890625
2654,581,0,368.3558044433594
619,641,0,368.7289123535156
930,2289,0,368.7777099609375
1003,962,0,369.1408996582031
621,1963,0,370.5010070800781
1378,249,0,370.71148681640625
894,1688,0,372.9075012207031
812,1429,0,373.7913818359375
184,1478,0,374.23388671875
1360,1046,0,374.3888244628906
2114,822,0,376.2804870605469
1217,876,0,376.5992431640625
2226,593,0,379.7683410644531
1965,2233,0,380.0631408691406
1753,1468,0,381.2217102050781
893,920,0,382.5754699707031
2553,211,0,384.0703125
1128,1333,0,391.5711975097656
