1961,754,0,12.0
1929,729,0,12.165525436401367
1968,764,0,14.0
1952,747,0,14.352700233459473
1988,789,0,15.099668502807617
1965,761,0,15.264337539672852
1949,744,0,16.155494689941406
1557,354,0,16.5831241607666
1962,755,0,16.792856216430664
1738,543,0,17.37814712524414
1916,717,0,17.492855072021484
1737,542,0,17.916473388671875
1837,636,0,17.944358825683594
1922,720,0,18.30300521850586
1626,439,0,18.357559204101562
1838,637,0,18.493242263793945
1518,323,0,18.70828628540039
1907,700,0,18.81488800048828
1984,784,0,18.81488800048828
1497,302,0,19.26136016845703
1509,329,0,19.36491584777832
2027,815,0,20.0
1339,143,0,20.420578002929688
1822,628,0,20.420578002929688
1967,763,0,20.44504737854004
2386,1214,0,20.46949005126953
2109,929,0,20.615528106689453
1582,372,0,21.14237403869629
2112,910,0,21.1660099029541
1564,384,0,21.3775577545166
1836,638,0,21.44761085510254
1565,385,0,21.587032318115234
2006,801,0,21.725561141967773
1928,727,0,21.97726058959961
1945,739,0,22.022714614868164
1651,448,0,22.045408248901367
1812,617,0,22.113344192504883
1906,698,0,22.27105712890625
1407,211,0,22.605308532714844
2005,800,0,22.69361114501953
1357,158,0,22.737634658813477
1903,692,0,23.494680404663086
1316,127,0,23.74868392944336
1813,618,0,23.958297729492188
2103,904,0,24.041629791259766
1905,697,0,24.1867733001709
1832,657,0,24.20743751525879
1598,403,0,24.413110733032227
1878,696,0,24.474475860595703
1993,810,0,24.657655715942383
1251,59,0,24.919872283935547
2204,1017,0,24.93992805480957
1642,462,0,25.2586612701416
2438,1282,0,25.534290313720703
1584,375,0,25.592967987060547
1662,455,0,25.806976318359375
1730,530,0,25.942243576049805
2002,797,0,26.07680892944336
2003,798,0,26.5894718170166
2437,1281,0,26.70206069946289
2421,1227,0,27.422618865966797
1683,505,0,27.910572052001953
1805,603,0,27.94637680053711
1401,204,0,28.1069393157959
1611,412,0,28.12472152709961
1710,527,0,28.17800521850586
1704,521,0,28.23118782043457
1531,352,0,28.26658821105957
1346,167,0,28.460498809814453
2414,1247,0,28.513154983520508
1612,434,0,28.530685424804688
1711,528,0,28.58321189880371
1638,463,0,28.740215301513672
1787,590,0,28.75760841369629
2049,856,0,28.861740112304688
1764,574,0,28.879058837890625
2335,1141,0,29.017236709594727
1240,48,0,29.051677703857422
1295,121,0,29.068883895874023
2199,1010,0,29.068883895874023
1758,563,0,29.086078643798828
2061,864,0,29.120439529418945
1241,49,0,29.154760360717773
2422,1259,0,29.171903610229492
1980,780,0,29.24038314819336
2028,814,0,29.4108829498291
1507,314,0,29.478805541992188
2415,1248,0,29.84962272644043
1232,29,0,30.232433319091797
2389,1209,0,30.331501007080078
2040,839,0,30.397367477416992
1897,716,0,30.773365020751953
2304,1118,0,30.903074264526367
2239,1060,0,31.016124725341797
1809,630,0,31.14482307434082
2195,1008,0,31.14482307434082
1944,762,0,31.3687744140625
1656,476,0,31.559467315673828
1894,685,0,31.63858413696289
1788,615,0,31.796226501464844
1728,545,0,32.015621185302734
1668,495,0,32.09361267089844
1606,409,0,32.140316009521484
1921,734,0,32.233524322509766
1898,714,0,32.280025482177734
2270,1100,0,32.295509338378906
1705,525,0,32.48076248168945
1931,732,0,32.526912689208984
1893,684,0,32.588340759277344
2273,1104,0,32.63433837890625
1643,468,0,32.66496658325195
1655,449,0,32.74140930175781
1769,579,0,32.98484420776367
1802,597,0,33.060550689697266
2081,908,0,33.105892181396484
2316,1130,0,33.12099075317383
2074,898,0,33.42155075073242
1616,436,0,33.49626922607422
1872,659,0,33.49626922607422
1902,719,0,33.71942901611328
2113,930,0,33.734256744384766
1756,561,0,33.778690338134766
2245,1047,0,33.808284759521484
2062,865,0,33.911651611328125
1576,367,0,33.95585250854492
1473,301,0,34.20526123046875
2299,1108,0,34.380226135253906
1845,643,0,34.423828125
1336,153,0,34.45286560058594
1440,256,0,34.78505325317383
2331,1148,0,34.78505325317383
2410,1231,0,34.7994270324707
2142,954,0,34.828147888183594
1607,410,0,34.871192932128906
2200,1011,0,35.028560638427734
1938,759,0,35.1425666809082
1971,772,0,35.1425666809082
2336,1142,0,35.1710090637207
2035,830,0,35.22782897949219
1804,621,0,35.44009017944336
1384,182,0,35.46829605102539
1395,210,0,35.482391357421875
1614,438,0,35.482391357421875
2253,1076,0,35.49647903442383
1844,642,0,35.55277633666992
1785,612,0,35.63705825805664
2354,1164,0,35.7071418762207
1490,297,0,35.860843658447266
2411,1232,0,35.902645111083984
1567,382,0,35.944400787353516
1289,90,0,36.42801284790039
2192,988,0,36.53765106201172
2358,1170,0,36.67424011230469
1646,472,0,36.78314971923828
2014,838,0,36.810325622558594
2063,881,0,37.027015686035156
2033,868,0,37.6961555480957
2352,1159,0,37.709415435791016
1382,181,0,37.81534194946289
1252,64,0,37.841773986816406
1641,461,0,37.90778350830078
1700,518,0,37.93415451049805
2238,1057,0,38.09199523925781
1583,374,0,38.10511779785156
1209,15,0,38.30143737792969
1299,130,0,38.30143737792969
2032,827,0,38.41874694824219
1823,653,0,38.49675369262695
1572,400,0,38.62641525268555
2164,985,0,38.62641525268555
2008,825,0,38.65229797363281
2102,927,0,38.7685432434082
1744,550,0,38.820098876953125
2190,1003,0,38.820098876953125
2148,959,0,38.987178802490234
1380,199,0,39.0128173828125
1231,52,0,39.051246643066406
1571,388,0,39.15354537963867
1514,335,0,39.2300910949707
1956,777,0,39.306488037109375
1692,497,0,39.3319206237793
2289,1120,0,39.3319206237793
1351,165,0,39.420806884765625
1499,305,0,39.72404861450195
1493,322,0,39.73663330078125
1338,146,0,39.84971618652344
1650,471,0,40.16217041015625
1529,350,0,40.211936950683594
1398,217,0,40.45985794067383
1667,494,0,40.45985794067383
2082,909,0,40.55860137939453
1634,450,0,40.570926666259766
1376,195,0,40.607879638671875
1808,632,0,40.804412841796875
1851,649,0,40.89009475708008
2343,1147,0,40.902320861816406
2089,918,0,41.01219177246094
1930,748,0,41.24318313598633
1462,295,0,41.29164505004883
2147,956,0,41.47288131713867
1521,346,0,41.78516387939453
1578,402,0,41.821048736572266
1467,289,0,41.88078308105469
2173,999,0,41.90465545654297
2114,945,0,41.940433502197266
1672,493,0,41.952354431152344
1580,397,0,41.9761848449707
1292,96,0,41.988094329833984
1625,442,0,42.07136917114258
1335,154,0,42.142616271972656
2178,996,0,42.237422943115234
2009,826,0,42.26109313964844
2185,982,0,42.35563659667969
2149,960,0,42.41461944580078
1635,451,0,42.59107971191406
1374,197,0,42.778499603271484
1783,610,0,42.825225830078125
2314,1137,0,42.83689880371094
1559,387,0,42.90687561035156
2247,1052,0,43.185646057128906
1970,771,0,43.20879364013672
1366,168,0,43.27817153930664
1434,257,0,43.33589553833008
2059,882,0,43.37049865722656
1487,310,0,43.382022857666016
1555,357,0,43.46262741088867
1360,177,0,43.50862121582031
1362,164,0,43.74928665161133
2084,886,0,43.85202407836914
1846,644,0,43.863426208496094
2115,942,0,43.92038345336914
1308,120,0,44.02272033691406
2412,1238,0,44.15880584716797
1417,236,0,44.226688385009766
2361,1173,0,44.71017837524414
1765,575,0,44.72135925292969
2224,1040,0,44.78839111328125
1782,613,0,44.83302307128906
1690,509,0,44.87761306762695
2413,1224,0,45.022216796875
2079,901,0,45.06661605834961
1702,501,0,45.221675872802734
2293,1115,0,45.221675872802734
2427,1272,0,45.221675872802734
2175,1002,0,45.33210754394531
2203,1016,0,45.33210754394531
2118,940,0,45.36518478393555
2223,1039,0,45.50823974609375
1973,792,0,45.68369674682617
2170,975,0,45.869380950927734
2417,1252,0,45.89117431640625
2100,925,0,45.945621490478516
1996,820,0,46.021732330322266
1796,592,0,46.06517028808594
1415,228,0,46.097721099853516
1554,373,0,46.11941146850586
1798,598,0,46.15192413330078
1589,411,0,46.2385139465332
1761,564,0,46.28174591064453
2416,1225,0,46.28174591064453
2104,906,0,46.29254913330078
1762,572,0,46.335731506347656
1908,705,0,46.44351577758789
1695,510,0,46.551048278808594
1821,627,0,46.60472106933594
2046,875,0,46.63689422607422
1281,108,0,46.647613525390625
2128,928,0,46.711883544921875
2177,977,0,46.711883544921875
2212,1018,0,46.74398422241211
1721,536,0,46.914817810058594
1763,573,0,46.936126708984375
1463,296,0,46.97871780395508
2426,1271,0,47.180503845214844
1282,109,0,47.52893829345703
1645,460,0,47.53945541381836
2319,1149,0,47.53945541381836
1873,693,0,47.54997253417969
1280,112,0,47.6235237121582
1601,399,0,47.7807502746582
1596,416,0,47.79121398925781
2382,1211,0,47.83304214477539
2047,876,0,48.0312385559082
1478,303,0,48.041648864746094
1552,379,0,48.10405349731445
1770,591,0,48.30113983154297
1511,328,0,48.31148910522461
2402,1234,0,48.332183837890625
2434,1274,0,48.36320877075195
2215,1023,0,48.46648406982422
2257,1081,0,48.733970642089844
1964,760,0,48.744232177734375
1569,361,0,48.79549026489258
1939,757,0,48.93873596191406
2311,1138,0,48.948951721191406
1394,209,0,49.01020431518555
1784,611,0,49.3254508972168
2283,1096,0,49.47726821899414
1385,207,0,49.699092864990234
1932,749,0,49.839744567871094
2153,957,0,49.87985610961914
2297,1103,0,49.91993713378906
2201,1015,0,50.10987854003906
1820,624,0,50.62607955932617
2263,1092,0,50.64582824707031
1525,349,0,50.72474670410156
1379,198,0,50.74445724487305
1671,491,0,50.80354309082031
1456,259,0,50.813385009765625
2137,944,0,50.950958251953125
2091,916,0,51.273773193359375
1997,813,0,51.400390625
1610,435,0,51.449005126953125
2214,1022,0,51.449005126953125
2403,1235,0,51.4781494140625
1848,665,0,51.61395263671875
1504,326,0,51.79768371582031
1685,489,0,51.816986083984375
2013,840,0,51.90375518798828
1779,586,0,51.97114562988281
1649,479,0,52.04805374145508
1817,654,0,52.10566329956055
2439,1275,0,52.31634521484375
1850,678,0,52.430908203125
2053,859,0,52.488094329833984
1223,41,0,52.50714111328125
2454,1294,0,52.62128829956055
1706,519,0,52.67826843261719
1227,43,0,52.68775939941406
2110,937,0,52.744667053222656
2168,991,0,52.839378356933594
2075,893,0,52.858299255371094
1342,157,0,53.0
2064,869,0,53.02829360961914
1687,490,0,53.31978988647461
1924,724,0,53.52569580078125
2391,1195,0,53.740116119384766
1516,343,0,53.749420166015625
2076,900,0,53.83307647705078
2392,1196,0,53.89805221557617
1238,67,0,54.037025451660156
2127,951,0,54.08327102661133
2342,1146,0,54.10175704956055
1545,345,0,54.230987548828125
2060,885,0,54.33230972290039
1479,309,0,54.369110107421875
1457,262,0,54.43344497680664
1689,508,0,54.470176696777344
1404,231,0,54.49770736694336
2001,816,0,54.49770736694336
1741,571,0,54.50688171386719
1701,524,0,54.61684799194336
2217,1004,0,54.64430618286133
2197,993,0,54.708316802978516
2007,824,0,54.7357292175293
1999,821,0,54.981815338134766
1621,441,0,55.02726745605469
2194,1009,0,55.03635025024414
1438,254,0,55.1180534362793
2083,905,0,55.1815185546875
1880,669,0,55.26300811767578
1313,124,0,55.29014205932617
2243,1043,0,55.35340881347656
1969,788,0,55.4797248840332
2324,1134,0,55.596763610839844
1392,219,0,55.65069580078125
1422,244,0,55.6596794128418
2000,822,0,55.668663024902344
1486,312,0,55.71355438232422
2220,1051,0,55.74943923950195
1841,660,0,55.85696029663086
1859,681,0,55.93746566772461
2301,1110,0,56.00892639160156
2171,994,0,56.05354690551758
2363,1186,0,56.07138442993164
2449,1291,0,56.22277069091797
1283,86,0,56.39148712158203
1426,243,0,56.444664001464844
1657,477,0,56.48893737792969
1835,664,0,56.50663757324219
1461,279,0,56.53317642211914
1856,675,0,56.58621597290039
2370,1199,0,56.64803695678711
1270,79,0,56.92978286743164
2092,923,0,56.97367858886719
2066,884,0,57.00876998901367
2300,1109,0,57.03507614135742
2088,915,0,57.09640884399414
1419,235,0,57.21887969970703
1437,253,0,57.21887969970703
1388,202,0,57.619441986083984
1771,593,0,57.65414047241211
1450,268,0,57.71481704711914
2359,1171,0,57.71481704711914
1709,531,0,57.74079895019531
2116,917,0,57.81003189086914
2152,981,0,57.887821197509766
1862,686,0,57.9741325378418
1560,391,0,58.03447341918945
1934,735,0,58.12916564941406
2154,966,0,58.154964447021484
1854,679,0,58.1635627746582
2275,1112,0,58.18934631347656
1291,91,0,58.24946212768555
1696,511,0,58.2580451965332
2409,1241,0,58.4379997253418
2026,855,0,58.46366500854492
1826,626,0,58.489315032958984
1391,218,0,58.50640869140625
2010,831,0,58.540584564208984
1527,351,0,58.813262939453125
1458,288,0,58.85575485229492
1679,504,0,58.85575485229492
1375,200,0,59.0423583984375
1334,150,0,59.253692626953125
2277,1105,0,59.27900314331055
2442,1279,0,59.28743362426758
1250,75,0,59.573482513427734
1875,694,0,59.757843017578125
1644,459,0,59.78293991088867
1591,413,0,59.833099365234375
1912,726,0,59.84981155395508
1577,405,0,59.92495346069336
1745,566,0,59.94997787475586
2398,1230,0,60.27437210083008
1301,110,0,60.373836517333984
1630,430,0,60.42350387573242
2320,1150,0,60.572269439697266
1503,330,0,60.58877944946289
1538,368,0,60.58877944946289
1588,383,0,60.605281829833984
1815,619,0,60.63002395629883
2160,984,0,60.704200744628906
2050,857,0,60.95900344848633
2423,1265,0,61.155540466308594
1085,367,0,61.17189025878906
1111,143,0,61.44916534423828
1660,469,0,61.49796676635742
1403,216,0,61.55485534667969
1228,51,0,61.692787170410156
2022,844,0,61.757591247558594
2446,1290,0,61.76568603515625
1879,695,0,61.95966339111328
2282,1117,0,62.35382843017578
1883,701,0,62.417945861816406
2290,1121,0,62.585941314697266
2262,1091,0,62.841068267822266
2429,1270,0,62.872886657714844
2234,1064,0,62.952362060546875
1694,498,0,63.27716827392578
1661,470,0,63.411354064941406
2385,1217,0,63.537391662597656
1720,538,0,63.65532302856445
1356,176,0,63.77303695678711
2133,974,0,63.914005279541016
1593,420,0,64.17164611816406
2052,849,0,64.27285766601562
1842,663,0,64.32728576660156
1367,169,0,64.50581359863281
2397,1220,0,64.73793029785156
1396,222,0,64.75337982177734
2327,1158,0,64.79197692871094
1585,380,0,64.81512451171875
1324,144,0,65.03076171875
1708,523,0,65.06150817871094
2440,1257,0,65.33758544921875
1413,239,0,65.4522705078125
1558,378,0,65.47518920898438
2226,1046,0,65.66581726074219
2233,1036,0,65.67343139648438
1735,555,0,65.802734375
2373,1197,0,65.802734375
1982,799,0,65.9772720336914
2360,1172,0,66.05300903320312
2188,1007,0,66.55824279785156
2281,1116,0,66.67832946777344
2317,1145,0,66.95520782470703
1742,569,0,67.1043930053711
2011,832,0,67.3498306274414
1636,433,0,67.60916900634766
1743,565,0,67.88224792480469
1972,791,0,68.05145263671875
1221,28,0,68.06614685058594
1573,393,0,68.82586669921875
2390,1194,0,69.02173614501953
1038,86,0,69.30368041992188
1546,364,0,69.30368041992188
2186,983,0,69.31810760498047
1204,8,0,69.35416412353516
1919,718,0,69.39019775390625
1676,502,0,69.45502471923828
2041,841,0,69.51258850097656
1780,614,0,69.69935607910156
1459,266,0,70.05712127685547
1603,428,0,70.70360565185547
1923,738,0,70.7742919921875
1321,141,0,71.31620025634766
1234,47,0,71.4212875366211
2305,1136,0,71.60307312011719
1549,371,0,71.72865295410156
2232,1053,0,71.88880157470703
2261,1075,0,72.28416442871094
2298,1129,0,72.58787536621094
1319,131,0,74.01351165771484
1843,671,0,74.08778381347656
2371,1200,0,74.1619873046875
2252,1066,0,74.20916748046875
1286,89,0,74.26304626464844
1358,180,0,74.45132446289062
1755,584,0,74.53187561035156
2408,1236,0,74.73954772949219
1724,541,0,74.81978607177734
2209,1031,0,75.03998565673828
1703,522,0,75.05331420898438
1253,82,0,75.31932067871094
1472,280,0,75.33259582519531
1950,775,0,75.69015502929688
1556,356,0,75.8683090209961
2231,1059,0,75.89466094970703
1977,779,0,76.19711303710938
2452,1295,0,76.30203247070312
2291,1122,0,76.34133911132812
2143,955,0,76.86351776123047
1306,137,0,76.96102905273438
1201,20,0,77.03246307373047
1853,682,0,77.35631561279297
1195,5,0,77.5370864868164
1373,187,0,77.653076171875
1847,661,0,77.77531433105469
1648,478,0,77.80745697021484
2090,919,0,77.91661834716797
1774,594,0,77.92945861816406
2388,1218,0,77.96153259277344
1617,415,0,77.98717498779297
1627,453,0,78.01922607421875
1519,341,0,78.08969116210938
2447,1298,0,78.80355072021484
2251,1078,0,78.96834564208984
1620,440,0,79.01898193359375
1674,475,0,79.08855438232422
1773,599,0,80.0
762,367,0,80.0624771118164
1468,293,0,80.11241912841797
1439,255,0,80.16857147216797
1312,123,0,80.17481231689453
2332,1167,0,80.19351959228516
1361,161,0,80.3056640625
2430,1266,0,80.36790466308594
2037,870,0,80.3741226196289
1686,506,0,80.6845703125
1276,98,0,80.82697296142578
2145,979,0,80.87026977539062
2362,1176,0,80.91353607177734
2225,1045,0,81.33264923095703
1739,546,0,81.37567138671875
2451,1296,0,81.56592559814453
1909,706,0,81.59656524658203
1778,585,0,81.85353088378906
1348,172,0,81.92069244384766
1884,699,0,82.23138427734375
1236,53,0,82.37110900878906
1275,118,0,82.40145874023438
1994,817,0,82.57118225097656
1349,173,0,82.78285217285156
2365,1187,0,83.06623840332031
1891,707,0,83.10836029052734
2303,1114,0,83.44459533691406
2339,1181,0,83.5942611694336
2162,992,0,83.79737091064453
1602,419,0,83.80931091308594
1990,812,0,83.9404525756836
1370,189,0,84.11896514892578
1508,315,0,84.28523254394531
1532,353,0,84.8646011352539
2071,903,0,84.9470443725586
1350,174,0,85.01764678955078
1481,306,0,85.04116821289062
2065,892,0,85.2525634765625
1502,327,0,85.34049224853516
1991,806,0,85.34635162353516
2131,968,0,85.6913070678711
2296,1126,0,85.95347595214844
1256,83,0,85.97673797607422
1296,102,0,86.12781524658203
1431,248,0,86.2032470703125
1343,163,0,86.30179595947266
2111,936,0,86.4927749633789
2323,1153,0,86.6602554321289
2377,1208,0,86.9310073852539
1911,709,0,87.45856475830078
1202,16,0,87.91473388671875
1311,142,0,88.0
1496,324,0,88.06815338134766
1323,372,0,88.1078872680664
2344,1179,0,88.25531005859375
1811,645,0,88.56636047363281
1225,45,0,88.831298828125
1935,756,0,89.24124908447266
1697,517,0,89.41476440429688
2051,848,0,89.61026763916016
2425,1263,0,89.85543823242188
1364,185,0,90.42676544189453
1691,503,0,90.49309539794922
2045,874,0,90.70281219482422
1860,931,0,90.91754150390625
1981,795,0,91.0933609008789
1326,138,0,91.14823150634766
1714,512,0,91.5641860961914
1574,394,0,91.83136749267578
1562,358,0,91.88035583496094
2318,1140,0,91.9021224975586
1951,776,0,92.19001770019531
2106,935,0,92.6012954711914
2348,1178,0,93.56815338134766
2444,1287,0,93.66429138183594
2393,1212,0,93.80831146240234
1605,427,0,93.85094451904297
1243,70,0,93.93614959716797
1393,221,0,94.3927993774414
1475,300,0,94.65199279785156
83,1788,0,94.82615661621094
1942,758,0,94.88414001464844
2455,1280,0,95.19979095458984
1460,278,0,95.3781967163086
2367,1193,0,95.97395324707031
2268,1083,0,96.23409271240234
1927,745,0,96.5038833618164
1309,135,0,96.54532623291016
1277,104,0,96.57122039794922
1369,194,0,96.67988586425781
2241,1067,0,96.69022369384766
1913,730,0,97.08243560791016
1297,122,0,97.13392639160156
1444,264,0,97.13907623291016
2070,902,0,97.3909683227539
1868,658,0,97.58586120605469
2099,899,0,98.09689331054688
2436,1278,0,98.55455017089844
2196,1005,0,98.58499145507812
2004,823,0,98.69650268554688
2322,1133,0,99.08077239990234
1443,263,0,99.46356201171875
2333,1804,0,99.58413696289062
81,1788,0,99.73464965820312
2334,1599,0,100.1898193359375
1568,396,0,101.9460678100586
2246,1049,0,102.30835723876953
1829,662,0,102.40605163574219
1946,767,0,102.66450500488281
1553,355,0,102.71319580078125
1654,467,0,102.81536865234375
2406,1246,0,102.87371063232422
1749,576,0,102.89801025390625
1615,432,0,102.91258239746094
2020,836,0,102.97087097167969
2198,1012,0,103.22306060791016
2250,1077,0,103.36343383789062
1978,802,0,103.70149230957031
1429,250,0,103.94229125976562
1789,616,0,104.56098937988281
2364,1177,0,104.57533264160156
1535,336,0,104.6326904296875
1218,33,0,104.69956970214844
2368,1422,0,105.25682830810547
1449,265,0,105.29957580566406
1858,674,0,106.43307495117188
1414,214,0,106.50352478027344
1249,74,0,107.59646606445312
1406,229,0,108.17115783691406
45,2155,0,108.59097290039062
1904,722,0,108.92198944091797
2085,887,0,109.0962905883789
1328,149,0,109.27030944824219
2313,1143,0,109.53081512451172
1224,39,0,109.57645416259766
1834,666,0,110.03181457519531
2274,1102,0,110.09087371826172
1718,547,0,110.10903930664062
2135,976,0,110.47171783447266
2346,1151,0,111.97767639160156
1824,625,0,112.20516967773438
2292,1099,0,112.78740692138672
484,1782,0,113.50330352783203
67,2378,0,113.83760070800781
1727,551,0,113.89029693603516
2176,995,0,114.03070068359375
1748,577,0,114.717041015625
1587,381,0,114.86078643798828
1494,313,0,114.97390747070312
2347,1152,0,115.30828094482422
1604,421,0,115.88787841796875
1254,66,0,116.33572387695312
2181,998,0,116.59759521484375
1333,152,0,116.86316680908203
1244,71,0,117.51595306396484
1237,37,0,117.65628051757812
2419,1256,0,117.91098022460938
1803,608,0,118.1270523071289
1561,392,0,119.5198745727539
2077,878,0,120.04998779296875
2287,873,0,120.08330535888672
1402,215,0,120.38272094726562
1746,570,0,121.11151885986328
1278,111,0,121.68401336669922
1876,704,0,121.94261169433594
958,64,0,122.22110748291016
2286,872,0,122.42549133300781
1320,132,0,123.06502532958984
2249,1065,0,123.73762512207031
1885,957,0,124.01209259033203
1290,117,0,124.20144653320312
123,1782,0,124.53915405273438
1712,533,0,124.56324005126953
1067,2442,0,124.69161987304688
1076,604,0,124.75175476074219
1492,307,0,125.05598449707031
2210,1021,0,126.13484954833984
1068,2441,0,126.15467071533203
1305,354,0,126.87395477294922
1619,447,0,127.5382308959961
1262,68,0,127.8240966796875
1208,26,0,127.9257583618164
2218,1025,0,128.2692413330078
1693,515,0,128.8409881591797
2123,964,0,128.9069366455078
1245,85,0,130.6828155517578
482,417,0,131.12208557128906
2264,998,0,131.4229736328125
1453,281,0,131.5370635986328
2207,1029,0,131.85598754882812
2272,1087,0,132.35935974121094
1926,728,0,133.4128875732422
1592,407,0,133.7759246826172
2326,1169,0,134.149169921875
1060,106,0,134.28700256347656
96,2380,0,134.49163818359375
2120,962,0,134.53623962402344
800,1785,0,135.48800659179688
1322,148,0,135.7129364013672
1381,203,0,135.79396057128906
1488,308,0,135.9117431640625
1888,702,0,136.17636108398438
2341,1180,0,137.1094512939453
725,86,0,137.4445343017578
1304,2438,0,137.8441162109375
1807,640,0,137.92752075195312
968,68,0,138.06881713867188
2048,850,0,139.52777099609375
1857,651,0,140.4243621826172
22,1869,0,140.56671142578125
316,2023,0,141.76388549804688
2355,1163,0,142.43946838378906
2025,854,0,142.79005432128906
1261,99,0,143.06292724609375
2144,358,0,143.42245483398438
2302,1370,0,144.0
1530,360,0,147.20054626464844
2366,1191,0,147.80731201171875
2325,1156,0,148.23292541503906
1216,27,0,149.05032348632812
982,1115,0,149.82656860351562
2256,1250,0,152.1085205078125
1061,107,0,152.45327758789062
1371,183,0,152.5286865234375
1331,151,0,152.86268615722656
1866,950,0,153.00653076171875
1639,454,0,153.3818817138672
1211,418,0,153.85707092285156
1082,2436,0,153.8960723876953
1416,242,0,153.92855834960938
2435,1255,0,155.29649353027344
2228,1048,0,156.1953887939453
295,1866,0,157.49285888671875
368,367,0,157.70542907714844
1268,76,0,157.78466796875
124,1917,0,158.918212890625
1083,86,0,159.30787658691406
2095,926,0,161.2606658935547
2350,1188,0,161.45587158203125
117,2321,0,161.63848876953125
2138,972,0,162.1357421875
494,1847,0,162.84349060058594
1365,191,0,163.13185119628906
2420,1370,0,163.4900665283203
2242,1044,0,163.9451141357422
1266,946,0,164.8605499267578
1100,418,0,165.2210693359375
2279,1220,0,165.435791015625
1344,166,0,165.7860107421875
1423,240,0,166.23777770996094
2240,1207,0,166.55929565429688
1699,1592,0,166.91615295410156
2132,848,0,167.21243286132812
1881,691,0,167.30810546875
2280,741,0,168.79869079589844
2015,1866,0,169.11239624023438
1827,1791,0,169.40188598632812
2418,894,0,169.4815673828125
1203,7,0,170.24981689453125
1257,94,0,170.32908630371094
760,372,0,170.98829650878906
1149,1392,0,171.90403747558594
967,358,0,171.92440795898438
2030,866,0,172.4268035888672
1248,143,0,172.5717315673828
529,2300,0,173.72679138183594
1294,128,0,174.48208618164062
2351,1189,0,175.35107421875
732,1782,0,175.51353454589844
1548,370,0,176.2554931640625
2156,989,0,176.6493682861328
425,1438,0,176.669189453125
1210,417,0,176.73992919921875
1791,2126,0,177.4908447265625
1104,2267,0,177.87074279785156
2394,1460,0,178.32835388183594
1861,1354,0,179.0139617919922
520,2321,0,179.43801879882812
1863,949,0,180.29420471191406
1124,2267,0,180.44667053222656
2356,1162,0,180.6792755126953
1734,552,0,180.84800720214844
1269,77,0,183.6082763671875
1298,134,0,183.8885498046875
1629,426,0,184.0570526123047
1665,465,0,186.0618133544922
2383,957,0,186.5583038330078
289,1905,0,186.9705810546875
1293,367,0,187.5846405029297
1933,746,0,187.6459503173828
1199,6,0,187.96807861328125
2433,1253,0,190.51246643066406
1675,493,0,190.6200408935547
1217,18,0,190.9685821533203
1359,175,0,191.14654541015625
417,2436,0,192.0052032470703
673,2436,0,194.04122924804688
996,91,0,194.09017944335938
2068,1866,0,194.1107940673828
831,1905,0,196.2906036376953
2458,1289,0,196.3568115234375
1023,2445,0,197.1674346923828
938,1258,0,197.74984741210938
1024,1502,0,197.98231506347656
2432,731,0,198.7938690185547
1043,2321,0,198.81649780273438
1235,35,0,199.71730041503906
114,1905,0,200.03749084472656
2236,1154,0,200.21238708496094
2180,1586,0,200.96018981933594
1726,554,0,201.4447784423828
768,1441,0,203.2117156982422
2457,1283,0,203.28305053710938
1489,318,0,203.61729431152344
1498,319,0,204.1886444091797
1247,143,0,204.5336151123047
1541,592,0,204.74130249023438
1725,539,0,205.4507293701172
1698,516,0,205.80816650390625
1920,731,0,206.1383056640625
135,1824,0,207.33065795898438
1152,904,0,207.35476684570312
1959,769,0,207.54759216308594
2237,1155,0,208.1153564453125
1570,946,0,208.3338623046875
913,1536,0,208.7270965576172
690,1465,0,209.16978454589844
550,1464,0,209.68548583984375
2463,1312,0,209.74508666992188
426,1437,0,210.4400177001953
943,489,0,210.91941833496094
1995,819,0,211.97640991210938
866,1285,0,212.3205108642578
1274,113,0,212.3346405029297
963,1609,0,212.47352600097656
129,418,0,214.71841430664062
2405,1245,0,214.79058837890625
2073,1128,0,215.13018798828125
1079,1896,0,216.36773681640625
916,1862,0,216.5178985595703
1212,21,0,217.22799682617188
480,2436,0,217.490234375
2221,2147,0,217.72230529785156
1609,1927,0,217.93118286132812
910,1385,0,218.12840270996094
218,1844,0,218.24986267089844
474,2321,0,218.4605255126953
2012,354,0,218.8104248046875
2155,1192,0,220.75552368164062
1772,1836,0,221.29165649414062
1000,367,0,221.9752197265625
1864,950,0,222.4320068359375
1865,949,0,222.6050262451172
1260,87,0,223.0470733642578
944,1478,0,223.0515594482422
1659,483,0,223.21066284179688
1482,1567,0,223.23081970214844
2069,651,0,223.73422241210938
1628,425,0,223.76327514648438
785,1905,0,224.63304138183594
1063,990,0,225.3619384765625
2016,879,0,225.59255981445312
2453,1258,0,225.90927124023438
2184,990,0,227.6620330810547
1937,572,0,227.82449340820312
1515,407,0,228.0394744873047
711,1464,0,228.41847229003906
2456,1299,0,228.54977416992188
113,2020,0,228.58477783203125
663,1711,0,229.50816345214844
1219,36,0,229.61053466796875
731,269,0,229.66061401367188
186,2383,0,229.94129943847656
1128,1862,0,230.15646362304688
2216,417,0,230.40182495117188
1664,1259,0,230.76394653320312
761,994,0,230.9480438232422
1510,143,0,231.06492614746094
386,44,0,231.2012176513672
1389,2240,0,232.14004516601562
1442,260,0,232.60696411132812
952,105,0,232.69293212890625
2404,1107,0,232.8948211669922
1411,227,0,232.99571228027344
343,1720,0,236.94725036621094
1181,1749,0,237.23828125
1579,944,0,237.5078887939453
465,462,0,237.86761474609375
977,1503,0,238.28553771972656
1600,681,0,238.70274353027344
1049,123,0,238.8870086669922
6,1441,0,238.93722534179688
1547,369,0,239.77906799316406
1768,490,0,241.54295349121094
2400,816,0,242.2271728515625
976,1502,0,242.513916015625
2158,1578,0,242.6149139404297
2462,1713,0,243.03909301757812
1123,2099,0,243.05349731445312
268,1541,0,243.09669494628906
1099,158,0,243.1460418701172
1039,2008,0,243.47279357910156
288,881,0,244.0348358154297
1775,1082,0,244.5955810546875
2098,1440,0,244.88772583007812
1752,336,0,245.32020568847656
2019,845,0,246.08128356933594
356,904,0,246.2519073486328
1285,105,0,246.3067169189453
59,904,0,246.77317810058594
1057,953,0,246.8157196044922
2460,1316,0,246.951416015625
449,1927,0,247.04251098632812
865,1458,0,247.13356018066406
2387,1529,0,247.32974243164062
2097,1437,0,247.47120666503906
2229,1056,0,247.72161865234375
1084,2177,0,248.1551971435547
387,1720,0,249.1565704345703
204,434,0,249.85595703125
2017,788,0,250.31179809570312
917,2259,0,250.5054931640625
669,385,0,250.58531188964844
2121,2435,0,251.2110595703125
906,1449,0,251.50546264648438
1590,1927,0,251.76377868652344
2172,990,0,252.15074157714844
1831,78,0,252.53514099121094
1663,1228,0,253.0355682373047
1640,999,0,253.67892456054688
2174,667,0,253.9842529296875
2122,2144,0,254.2085723876953
1947,305,0,255.07254028320312
350,155,0,255.3233184814453
1287,92,0,255.40359497070312
770,1343,0,255.98828125
334,990,0,256.5755310058594
2258,1000,0,256.931884765625
2369,1128,0,257.0525207519531
1792,1342,0,257.2955627441406
1226,38,0,257.77508544921875
664,661,0,257.8934020996094
1790,2170,0,257.94378662109375
1830,775,0,258.3157043457031
789,1862,0,258.4627685546875
2288,932,0,259.4725341796875
1345,775,0,259.5149230957031
2163,904,0,259.63629150390625
1080,2142,0,260.0173034667969
843,753,0,260.138427734375
1797,2170,0,261.11492919921875
2357,733,0,261.3541564941406
1108,1742,0,261.4039001464844
162,1104,0,261.7861633300781
13,1202,0,262.1449890136719
603,891,0,262.5757141113281
1220,985,0,262.71087646484375
1512,1596,0,262.9790954589844
1103,990,0,263.0190124511719
1109,738,0,263.07794189453125
714,1480,0,263.2109375
2193,1742,0,263.23944091796875
2165,2268,0,263.3362731933594
2380,358,0,263.3647766113281
1002,1449,0,263.9128723144531
466,461,0,263.94696044921875
790,1264,0,264.0227355957031
1133,1567,0,264.21392822265625
1677,2006,0,264.79803466796875
1134,2251,0,265.43927001953125
972,1238,0,265.71978759765625
1412,978,0,266.10711669921875
707,347,0,266.1766357421875
2309,1590,0,266.1878967285156
490,128,0,266.3118591308594
1731,1073,0,266.4920349121094
1377,1596,0,267.03369140625
225,2391,0,267.1011047363281
2401,1503,0,267.2115173339844
1177,615,0,267.3237609863281
14,909,0,267.4677429199219
1125,1455,0,267.5537414550781
1936,1871,0,267.7349548339844
1284,1756,0,267.8936462402344
2189,1739,0,268.1286926269531
681,1330,0,268.5293273925781
624,1732,0,268.55352783203125
559,614,0,268.56842041015625
199,1596,0,268.6968688964844
657,1494,0,268.79547119140625
508,779,0,269.0148620605469
992,1029,0,269.1950988769531
2428,2473,0,269.7925109863281
1173,459,0,270.16290283203125
272,1127,0,270.23876953125
1410,1797,0,270.60858154296875
621,117,0,270.64923095703125
1302,2123,0,270.6732482910156
164,789,0,270.7101745605469
166,627,0,270.785888671875
1178,694,0,271.1365051269531
1670,936,0,271.51611328125
411,2373,0,271.6357727050781
2271,1111,0,271.8345031738281
1098,8,0,272.0551452636719
2159,66,0,272.1451721191406
63,2175,0,272.3178405761719
1736,557,0,272.6077880859375
2459,1315,0,272.6646423339844
1387,776,0,272.6756286621094
2378,1867,0,272.981689453125
1155,1478,0,273.076904296875
595,971,0,273.27459716796875
338,583,0,273.5050354003906
2266,598,0,273.6494140625
2399,2396,0,273.66949462890625
586,994,0,273.7498779296875
1759,460,0,273.79736328125
654,269,0,273.8521423339844
251,40,0,273.8977966308594
2038,1517,0,274.1277160644531
202,1057,0,274.1733093261719
127,1241,0,274.3756408691406
2227,1004,0,274.455810546875
1914,622,0,274.6197509765625
931,1441,0,274.6543273925781
898,1880,0,275.10906982421875
1180,1073,0,275.3924560546875
1054,956,0,275.5739440917969
329,2076,0,275.9764404296875
851,2184,0,276.322265625
2375,999,0,276.54473876953125
70,2035,0,276.8609619140625
1976,790,0,276.8772277832031
1353,1084,0,277.4238586425781
148,961,0,277.517578125
2276,1298,0,277.6292419433594
573,222,0,277.6940612792969
1179,2275,0,277.8956604003906
2312,1135,0,277.9748229980469
891,595,0,278.1582336425781
302,1098,0,278.18878173828125
263,1881,0,278.22113037109375
20,2463,0,278.2247314453125
580,600,0,278.4833984375
582,1196,0,278.759765625
2124,259,0,278.9480285644531
1433,2399,0,279.121826171875
727,724,0,279.1970520019531
2372,776,0,279.32061767578125
1052,1761,0,279.814208984375
303,516,0,279.8839111328125
2230,1030,0,280.0035705566406
116,166,0,280.10711669921875
91,85,0,280.39080810546875
2259,788,0,280.5458984375
904,1463,0,280.563720703125
1041,992,0,280.71337890625
777,1546,0,280.74365234375
273,2473,0,280.98931884765625
1255,538,0,281.3218688964844
430,936,0,281.3680725097656
460,220,0,281.4977722167969
1288,93,0,281.6256408691406
1915,1722,0,281.6664733886719
597,1517,0,281.89892578125
1193,2006,0,281.9840393066406
819,908,0,282.0620422363281
1307,129,0,282.30657958984375
197,971,0,282.31011962890625
349,538,0,282.7596130371094
2340,2186,0,282.95758056640625
698,1095,0,283.06182861328125
2107,690,0,283.1165771484375
672,762,0,283.1625061035156
423,1842,0,283.2101745605469
554,1103,0,283.287841796875
897,1258,0,283.3637390136719
1144,1000,0,283.53131103515625
153,1266,0,283.54718017578125
125,1722,0,283.6141662597656
547,1636,0,283.6318054199219
97,547,0,283.72698974609375
1148,776,0,283.77984619140625
1723,1646,0,283.7992248535156
626,657,0,283.98590087890625
750,832,0,284.0968017578125
689,1421,0,284.1372985839844
975,1497,0,284.219970703125
1658,557,0,284.2850646972656
2235,1010,0,284.41168212890625
183,1607,0,284.7297058105469
942,1483,0,284.73321533203125
231,1655,0,284.7577819824219
339,12,0,284.8490905761719
2376,1731,0,284.9017333984375
530,2206,0,285.1315612792969
1167,1565,0,285.40673828125
98,1637,0,285.50482177734375
167,1344,0,285.65362548828125
2117,2471,0,285.6991271972656
2202,1548,0,285.72540283203125
788,1953,0,285.8583679199219
491,1177,0,285.92132568359375
126,2090,0,285.9283142089844
383,2460,0,285.956298828125
1715,1191,0,286.0664367675781
304,517,0,286.43499755859375
2445,735,0,286.5030517578125
1526,1722,0,286.5571594238281
318,2372,0,286.6513671875
2464,1893,0,286.7019348144531
395,999,0,286.70367431640625
838,516,0,286.7054138183594
2338,985,0,286.7315673828125
453,993,0,286.8100280761719
1086,788,0,286.83270263671875
852,1475,0,286.848388671875
980,1497,0,286.9703674316406
753,1345,0,287.08709716796875
604,1318,0,287.2821044921875
519,345,0,287.4282531738281
635,1905,0,287.5743408203125
1120,1326,0,287.638671875
1953,768,0,287.6595153808594
1162,451,0,287.73077392578125
900,310,0,287.8263244628906
2306,1083,0,288.1839599609375
934,1948,0,288.36260986328125
1540,2231,0,288.39556884765625
1455,117,0,288.6641540527344
141,304,0,288.7005310058594
1034,1540,0,288.7230529785156
2206,1139,0,288.9117431640625
1522,1712,0,289.0830383300781
219,1543,0,289.1401062011719
858,216,0,289.1452941894531
869,1247,0,289.28533935546875
677,1363,0,289.292236328125
608,702,0,289.31298828125
1943,1391,0,289.45294189453125
662,712,0,289.7274475097656
1448,161,0,289.8240966796875
361,166,0,289.85858154296875
2337,405,0,290.2602233886719
401,1228,0,290.265380859375
352,763,0,290.2671203613281
922,212,0,290.5443115234375
2187,1543,0,290.6544189453125
778,639,0,290.7627868652344
47,51,0,290.8762512207031
234,1908,0,291.0498352050781
2374,79,0,291.4292297363281
965,1165,0,291.6641845703125
820,2201,0,291.6882019042969
317,1474,0,291.9023742675781
220,410,0,292.10101318359375
382,2461,0,292.2054138183594
1882,1487,0,292.2310791015625
1833,299,0,292.46197509765625
606,78,0,292.55938720703125
649,1789,0,292.7763671875
1760,1731,0,293.0119323730469
991,1722,0,293.04779052734375
703,1334,0,293.0494689941406
1586,2160,0,293.0699462890625
507,2106,0,293.0802001953125
627,158,0,293.10235595703125
131,1951,0,293.1416015625
1032,2167,0,293.1416015625
372,1247,0,293.1893615722656
2141,2471,0,293.2370910644531
1637,1842,0,293.2695007324219
661,751,0,293.2950744628906
1137,377,0,293.4024658203125
2353,1295,0,293.441650390625
1633,1950,0,293.4501647949219
1314,1871,0,293.5574951171875
615,1541,0,293.71075439453125
255,1619,0,293.7550048828125
779,788,0,293.9251708984375
2179,1356,0,293.9251708984375
1975,787,0,293.9779052734375
860,1285,0,293.9795837402344
797,401,0,294.0169982910156
452,639,0,294.0272216796875
694,1735,0,294.142822265625
746,2206,0,294.2091064453125
407,612,0,294.35693359375
136,1866,0,294.3789978027344
2310,774,0,294.4775085449219
1890,1342,0,294.50128173828125
445,1250,0,294.53521728515625
619,779,0,294.5522155761719
571,117,0,294.7015380859375
1020,2028,0,295.0406799316406
1010,245,0,295.0457458496094
974,1677,0,295.0762634277344
2407,1288,0,295.1931457519531
1129,1244,0,295.2016296386719
1016,1582,0,295.2626037597656
1035,18,0,295.2812194824219
307,119,0,295.4048156738281
781,2251,0,295.4420471191406
481,315,0,295.4454345703125
764,1798,0,295.5097351074219
868,589,0,295.62646484375
1819,119,0,295.76849365234375
555,1648,0,295.86651611328125
200,943,0,295.9239807128906
680,346,0,296.01519775390625
155,752,0,296.07598876953125
2086,1554,0,296.1519775390625
826,1443,0,296.163818359375
1169,1951,0,296.21612548828125
9,562,0,296.2768859863281
684,1105,0,296.4591064453125
2078,751,0,296.75579833984375
1786,2066,0,296.81982421875
566,911,0,296.8703308105469
1595,1853,0,296.9747314453125
1435,1710,0,296.9865417480469
478,649,0,297.0303039550781
308,1391,0,297.0404052734375
1918,2295,0,297.13800048828125
1182,1280,0,297.2591552734375
2329,402,0,297.3129577636719
899,797,0,297.3617248535156
579,310,0,297.3919982910156
413,692,0,297.41217041015625
137,1688,0,297.73980712890625
270,332,0,297.78179931640625
798,2212,0,297.8036193847656
19,777,0,297.8590393066406
602,1206,0,297.90435791015625
1405,2120,0,298.0117492675781
1441,818,0,298.0838928222656
1170,1585,0,298.18115234375
623,744,0,298.18450927734375
256,369,0,298.2364807128906
76,484,0,298.26666259765625
757,1632,0,298.3119201660156
1966,2279,0,298.3621826171875
521,1029,0,298.62518310546875
12,1800,0,298.66033935546875
489,1827,0,299.0518493652344
648,1186,0,299.12872314453125
2072,666,0,299.2123107910156
1430,2031,0,299.24737548828125
735,105,0,299.28582763671875
809,1186,0,299.3359375
562,899,0,299.3476257324219
1543,1954,0,299.4311218261719
1722,903,0,299.55633544921875
678,419,0,299.66314697265625
923,585,0,299.7315368652344
1372,1398,0,299.73822021484375
993,87,0,299.784912109375
2042,145,0,299.7915954589844
1015,634,0,299.87664794921875
1566,1986,0,299.9066467285156
948,1955,0,299.9649963378906
86,93,0,300.0199890136719
112,134,0,300.05499267578125
692,620,0,300.1099853515625
501,180,0,300.1599426269531
1265,67,0,300.33648681640625
812,1336,0,300.44134521484375
628,360,0,300.5910949707031
429,203,0,300.60272216796875
2087,457,0,300.6792297363281
400,861,0,300.7490539550781
1317,170,0,300.7623596191406
914,1650,0,300.923583984375
758,1279,0,300.94683837890625
1018,1995,0,301.35028076171875
1688,2160,0,301.3768310546875
497,460,0,301.4747009277344
104,1217,0,301.47637939453125
704,749,0,301.5708923339844
2167,347,0,301.65875244140625
1534,365,0,301.6985168457031
1127,979,0,301.7167663574219
140,1101,0,302.0314636230469
2328,1064,0,302.0364074707031
2031,908,0,302.0380859375
15,1100,0,302.0463562011719
2219,1519,0,302.15228271484375
821,881,0,302.2499084472656
578,1030,0,302.3375549316406
250,2239,0,302.3871765136719
2126,529,0,302.4417419433594
625,1975,0,302.5260314941406
659,2025,0,302.59710693359375
459,65,0,302.8679504394531
1143,99,0,302.924072265625
1163,452,0,303.0132141113281
863,976,0,303.2177429199219
243,2418,0,303.3381042480469
1599,577,0,303.3545837402344
1156,207,0,303.4122619628906
729,726,0,303.4814758300781
890,596,0,303.6214599609375
742,15,0,303.63134765625
1816,8,0,303.75811767578125
110,57,0,303.8272399902344
591,762,0,304.02630615234375
548,13,0,304.0789489746094
488,947,0,304.2384033203125
1378,2136,0,304.320556640625
675,932,0,304.3698425292969
631,85,0,304.3912048339844
264,1363,0,304.40106201171875
1126,2089,0,304.5324401855469
755,126,0,304.5882568359375
2396,880,0,304.6555480957031
1390,1373,0,304.7359619140625
2150,682,0,304.8721008300781
438,385,0,304.8835754394531
723,958,0,304.90655517578125
782,698,0,304.95245361328125
1230,1489,0,305.07867431640625
154,2427,0,305.177001953125
2345,927,0,305.25726318359375
357,2458,0,305.28839111328125
984,1079,0,305.2933044433594
1653,89,0,305.3096923828125
441,1481,0,305.3113098144531
929,430,0,305.3686218261719
1141,495,0,305.42266845703125
376,328,0,305.45538330078125
134,568,0,305.468505859375
847,127,0,305.5176086425781
2108,538,0,305.5699462890625
1004,40,0,305.5814208984375
194,502,0,305.6026916503906
1647,980,0,305.61578369140625
786,198,0,305.6370544433594
2067,634,0,305.7024841308594
1081,2337,0,305.75152587890625
1800,789,0,305.87579345703125
37,1667,0,306.0653381347656
424,1641,0,306.0964050292969
80,1246,0,306.1405029296875
178,1509,0,306.1911315917969
214,2457,0,306.2156066894531
932,386,0,306.3462219238281
54,1895,0,306.4669494628906
315,518,0,306.5110168457031
1575,1765,0,306.5158996582031
276,777,0,306.5876770019531
377,738,0,306.6007080078125
687,1715,0,306.6414794921875
128,2440,0,306.664306640625
1213,653,0,306.66595458984375
1828,434,0,306.7458190917969
1528,1007,0,306.9039001464844
1678,1054,0,306.9560241699219
291,1056,0,307.0423278808594
221,641,0,307.12213134765625
1500,1305,0,307.2555847167969
674,934,0,307.26373291015625
978,1507,0,307.29302978515625
1329,273,0,307.33856201171875
741,1603,0,307.486572265625
748,981,0,307.61175537109375
1733,991,0,307.63128662109375
10,564,0,307.64752197265625
1026,1468,0,307.8327331542969
836,2043,0,307.9415588378906
260,1814,0,307.9983825683594
1436,778,0,308.092529296875
158,1218,0,308.1103820800781
1750,1194,0,308.115234375
2349,1045,0,308.1541748046875
601,591,0,308.3634338378906
696,1244,0,308.4088134765625
613,683,0,308.4363708496094
1184,1169,0,308.46881103515625
2105,538,0,308.50445556640625
883,452,0,308.5822448730469
545,2138,0,308.6211242675781
1983,1700,0,308.6421813964844
403,778,0,308.64703369140625
915,256,0,308.7296447753906
1315,1872,0,308.8705139160156
796,722,0,308.8786315917969
556,53,0,308.95306396484375
805,536,0,309.00323486328125
546,623,0,309.0631103515625
1632,562,0,309.18603515625
1747,1491,0,309.245849609375
21,1049,0,309.4446716308594
1154,495,0,309.454345703125
1132,2308,0,309.4898986816406
643,1088,0,309.543212890625
344,517,0,309.58197021484375
451,1082,0,309.63043212890625
2096,1793,0,309.6320495605469
1517,1164,0,309.6578674316406
1840,697,0,309.6611022949219
237,1480,0,309.6675720214844
2450,1216,0,309.7289123535156
92,2214,0,309.76605224609375
323,1217,0,309.814453125
564,230,0,309.8709411621094
833,1065,0,309.90966796875
647,328,0,309.93548583984375
1171,2106,0,309.9371032714844
871,936,0,310.0822448730469
404,580,0,310.1015930175781
947,192,0,310.1354675292969
808,1526,0,310.138671875
1075,554,0,310.2192687988281
210,2092,0,310.2579650878906
265,831,0,310.3143615722656
1751,217,0,310.3465881347656
11,2251,0,310.3642883300781
1107,1826,0,310.452880859375
333,339,0,310.4593505859375
1042,538,0,310.468994140625
1267,461,0,310.5849304199219
362,538,0,310.5881652832031
1397,1095,0,310.620361328125
324,1035,0,310.63482666015625
1069,1950,0,310.6622009277344
1003,70,0,310.7024230957031
442,1193,0,310.73138427734375
1355,351,0,310.8424072265625
1544,2239,0,310.8504333496094
462,109,0,310.8713684082031
1013,2087,0,310.9163818359375
1053,163,0,311.06591796875
253,854,0,311.2314147949219
734,1534,0,311.23785400390625
392,899,0,311.2394714355469
1341,2193,0,311.24749755859375
1157,43,0,311.2651672363281
223,2076,0,311.284423828125
763,516,0,311.3743591308594
867,1112,0,311.39202880859375
133,562,0,311.4096984863281
802,2480,0,311.4096984863281
90,1585,0,311.42254638671875
685,121,0,311.47711181640625
888,456,0,311.534912109375
2134,1397,0,311.53973388671875
275,413,0,311.54132080078125
633,1290,0,311.73065185546875
700,829,0,311.7386779785156
1005,1318,0,311.7563171386719
1948,1290,0,311.7563171386719
2208,1555,0,311.8445129394531
1029,149,0,311.86053466796875
1089,650,0,311.8685607910156
839,678,0,311.8974304199219
1259,1244,0,311.95672607421875
1801,1648,0,311.963134765625
630,341,0,311.98236083984375
1091,828,0,312.0096130371094
570,1619,0,312.0352478027344
645,767,0,312.0640869140625
824,820,0,312.1778259277344
332,1330,0,312.2306823730469
1007,1665,0,312.27392578125
1524,2372,0,312.4307861328125
103,1253,0,312.472412109375
544,1180,0,312.4851989746094
1870,405,0,312.4916076660156
1925,1552,0,312.6787414550781
1130,712,0,312.7491149902344
57,144,0,312.8082580566406
1140,484,0,313.0143737792969
560,1421,0,313.0239562988281
590,38,0,313.1165771484375
951,152,0,313.1357421875
605,2447,0,313.1517333984375
1427,633,0,313.1788635253906
642,195,0,313.2203674316406
1901,1244,0,313.233154296875
85,92,0,313.2953796386719
431,941,0,313.3209228515625
945,1278,0,313.33367919921875
89,934,0,313.3352966308594
296,1044,0,313.3576354980469
163,102,0,313.507568359375
705,149,0,313.5649719238281
193,950,0,313.5904846191406
170,256,0,313.6893310546875
2278,1106,0,313.7785949707031
75,1960,0,313.78656005859375
56,1043,0,313.78973388671875
655,783,0,313.7945251464844
1246,2077,0,313.9187927246094
1454,32,0,313.95062255859375
859,708,0,313.9649658203125
232,469,0,313.9729309082031
298,2193,0,313.98406982421875
877,1611,0,314.0382080078125
335,119,0,314.0780029296875
815,2186,0,314.1973876953125
147,740,0,314.2260437011719
247,1355,0,314.2403564453125
1200,713,0,314.2721862792969
310,911,0,314.4344177246094
1424,440,0,314.4662170410156
49,400,0,314.5329895019531
1045,293,0,314.5329895019531
2205,1001,0,314.5361633300781
640,1111,0,314.5806884765625
1006,1619,0,314.62200927734375
505,316,0,314.62835693359375
2136,919,0,314.64105224609375
1070,1950,0,314.6966857910156
848,1535,0,314.6998596191406
189,1089,0,314.7777099609375
1160,1951,0,314.7840576171875
522,1036,0,314.8158264160156
419,821,0,314.85076904296875
1028,2412,0,314.86822509765625
119,1706,0,314.9063415527344
1116,1149,0,314.9095153808594
908,585,0,314.9539794921875
994,1535,0,314.99365234375
688,1043,0,315.01904296875
432,58,0,315.06982421875
584,479,0,315.10791015625
2056,517,0,315.15869140625
552,549,0,315.2364196777344
832,1434,0,315.2380065917969
713,1130,0,315.28240966796875
686,812,0,315.3299865722656
1027,2428,0,315.3410949707031
2443,2476,0,315.43304443359375
72,2035,0,315.4536437988281
632,1538,0,315.5582275390625
258,320,0,315.7467346191406
1550,2463,0,315.7593994140625
966,633,0,315.7704772949219
987,723,0,315.8575744628906
1337,1488,0,315.8575744628906
229,1650,0,315.86865234375
995,633,0,315.86865234375
26,765,0,315.9240417480469
2191,425,0,315.9635925292969
1117,164,0,316.0015869140625
806,881,0,316.0348205566406
1327,1534,0,316.036376953125
408,1376,0,316.1044006347656
512,242,0,316.1123352050781
46,726,0,316.1170654296875
585,315,0,316.155029296875
1271,721,0,316.155029296875
88,170,0,316.2341003417969
239,197,0,316.30682373046875
1019,1219,0,316.3542175292969
371,908,0,316.3605651855469
498,1722,0,316.4158630371094
1713,667,0,316.4300842285156
2161,1274,0,316.5296325683594
799,856,0,316.55645751953125
795,1520,0,316.5769958496094
61,63,0,316.5975341796875
2055,1075,0,316.7427978515625
1781,522,0,316.78857421875
439,1179,0,316.79962158203125
36,1245,0,316.80120849609375
1618,137,0,316.9037780761719
1418,483,0,316.9400634765625
171,34,0,317.0331115722656
52,775,0,317.13720703125
641,85,0,317.1576843261719
31,24,0,317.1844787597656
2431,1839,0,317.5011901855469
185,1254,0,317.5248107910156
870,968,0,317.64447021484375
139,303,0,317.6507568359375
1652,450,0,317.7278747558594
880,142,0,317.8096923828125
266,832,0,317.8616027832031
314,1798,0,317.9874267578125
1030,25,0,318.0628967285156
2321,279,0,318.1241760253906
397,926,0,318.2137756347656
157,1619,0,318.2373352050781
518,192,0,318.312744140625
1428,1555,0,318.3504333496094
551,537,0,318.3630065917969
1501,609,0,318.3630065917969
138,1790,0,318.47918701171875
420,1298,0,318.5058898925781
1466,256,0,318.5671081542969
959,1265,0,318.5937805175781
1955,2087,0,318.6706848144531
1078,1704,0,318.7052001953125
539,2434,0,318.70989990234375
351,1130,0,318.8887023925781
1874,1138,0,318.94671630859375
471,1529,0,319.05328369140625
983,1822,0,319.0595703125
182,1189,0,319.07208251953125
810,1507,0,319.0893249511719
887,1823,0,319.0940246582031
294,1380,0,319.1739196777344
450,171,0,319.21466064453125
414,1773,0,319.2303161621094
121,1110,0,319.26165771484375
549,1443,0,319.44171142578125
410,1535,0,319.5137023925781
195,578,0,319.5387268066406
1806,547,0,319.5606384277344
2080,1528,0,319.56219482421875
151,127,0,319.64666748046875
733,1950,0,319.6795349121094
617,1259,0,319.74365234375
53,1170,0,319.75616455078125
517,1863,0,319.77178955078125
241,166,0,319.8186950683594
2,2000,0,319.8624572753906
1197,2107,0,319.8624572753906
598,562,0,319.9140625
1239,795,0,319.91717529296875
1001,1981,0,320.03436279296875
161,1421,0,320.0827941894531
558,115,0,320.12652587890625
747,909,0,320.168701171875
541,970,0,320.2342834472656
2379,2021,0,320.2686462402344
1446,751,0,320.2795715332031
1363,769,0,320.3092346191406
610,397,0,320.3638610839844
709,29,0,320.37322998046875
2044,228,0,320.4434509277344
42,2202,0,320.4840087890625
205,1522,0,320.4964904785156
2315,2080,0,320.53082275390625
679,400,0,320.5682373046875
337,150,0,320.5947570800781
646,1359,0,320.6181640625
87,1122,0,320.69610595703125
1186,1316,0,320.70703125
1092,1661,0,320.73822021484375
248,2388,0,320.74444580078125
1960,1377,0,320.7631530761719
1074,2106,0,320.7803039550781
592,944,0,320.78497314453125
106,392,0,320.7865295410156
1138,1116,0,320.87225341796875
454,620,0,320.95172119140625
1025,217,0,320.9859924316406
926,796,0,321.00311279296875
1536,362,0,321.0311584472656
2018,776,0,321.1744079589844
924,1279,0,321.18218994140625
855,582,0,321.1961975097656
409,506,0,321.2024230957031
1114,1066,0,321.2646789550781
2307,1159,0,321.31292724609375
1122,89,0,321.3144836425781
1194,1253,0,321.443603515625
665,1469,0,321.4825134277344
242,2355,0,321.6208801269531
1818,521,0,321.65509033203125
1191,345,0,321.7032775878906
2260,1121,0,321.7607727050781
391,219,0,321.8276062011719
50,1376,0,321.8726501464844
102,35,0,321.9285583496094
955,82,0,321.9456481933594
986,1524,0,321.9549560546875
1095,1116,0,321.9798278808594
4,2035,0,322.0155334472656
1474,167,0,322.0900573730469
440,1132,0,322.22662353515625
697,2412,0,322.28094482421875
919,947,0,322.3026428222656
300,412,0,322.3321228027344
132,693,0,322.3352355957031
261,1043,0,322.3879699707031
7,459,0,322.4639587402344
1046,365,0,322.4717102050781
1989,1499,0,322.5042724609375
896,483,0,322.6127624511719
169,549,0,322.6871643066406
213,1264,0,322.7320861816406
41,1626,0,322.73828125
792,71,0,322.7398376464844
66,102,0,322.7677307128906
814,2403,0,322.77081298828125
48,61,0,322.83587646484375
152,655,0,322.8714904785156
829,1043,0,322.88232421875
1056,1997,0,322.9597473144531
2254,1072,0,322.9628601074219
463,371,0,322.9690246582031
1777,1212,0,323.0232238769531
576,891,0,323.0433349609375
765,1585,0,323.05108642578125
937,1822,0,323.07275390625
946,549,0,323.1501159667969
73,1157,0,323.1625061035156
1386,543,0,323.17486572265625
1383,469,0,323.2259216308594
82,558,0,323.4238586425781
607,1122,0,323.4980773925781
816,516,0,323.5428771972656
652,1633,0,323.56451416015625
1537,1069,0,323.6155090332031
1164,1544,0,323.62322998046875
893,273,0,323.7344665527344
321,1278,0,323.7421875
347,680,0,323.7514343261719
1048,204,0,323.7514343261719
998,150,0,323.85491943359375
1895,82,0,323.8996887207031
1090,829,0,323.9598693847656
201,650,0,323.9645080566406
1196,989,0,324.033935546875
2039,1168,0,324.0740661621094
1707,173,0,324.0987548828125
1825,2458,0,324.16815185546875
563,484,0,324.1758728027344
1166,394,0,324.271484375
2308,166,0,324.27764892578125
122,1482,0,324.3717041015625
499,1111,0,324.4580078125
936,753,0,324.5427551269531
271,2093,0,324.65521240234375
1258,84,0,324.716796875
885,1028,0,324.73834228515625
575,12,0,324.7460632324219
981,250,0,324.8353576660156
1631,1298,0,324.85382080078125
828,876,0,324.9076843261719
650,1146,0,324.9138488769531
850,1945,0,324.9676818847656
2093,1097,0,325.1845703125
849,1176,0,325.23529052734375
16,2217,0,325.25067138671875
1420,1762,0,325.26605224609375
405,932,0,325.31060791015625
612,56,0,325.3198547363281
1008,1110,0,325.3213806152344
2169,91,0,325.4074401855469
745,1864,0,325.4581298828125
751,1361,0,325.4719543457031
282,853,0,325.51959228515625
739,85,0,325.5364685058594
1669,1871,0,325.6593322753906
1066,346,0,325.6777648925781
1136,865,0,325.71612548828125
69,332,0,325.7192077636719
1681,337,0,325.9002990722656
328,2077,0,325.93096923828125
1215,288,0,326.0444641113281
437,111,0,326.0736083984375
1682,1377,0,326.1548767089844
531,526,0,326.1640625
58,520,0,326.2100524902344
435,2038,0,326.2115783691406
320,1462,0,326.2376403808594
668,101,0,326.2529602050781
756,288,0,326.2545166015625
881,1343,0,326.302001953125
2284,723,0,326.3204040527344
173,683,0,326.3832092285156
1732,1042,0,326.40771484375
2269,1331,0,326.4123229980469
165,1490,0,326.4751281738281
336,1300,0,326.4781799316406
1480,2263,0,326.48736572265625
1974,131,0,326.4888916015625
2213,391,0,326.51800537109375
1608,975,0,326.5501403808594
740,775,0,326.6205749511719
840,126,0,326.6695556640625
274,1336,0,326.6741638183594
2146,405,0,326.706298828125
561,1208,0,326.8057556152344
565,583,0,326.8302307128906
311,51,0,326.837890625
801,779,0,326.87152099609375
513,1916,0,326.8822326660156
487,767,0,326.9281311035156
1325,2137,0,326.9281311035156
939,1691,0,326.99847412109375
65,1565,0,327.0030517578125
1855,795,0,327.0107116699219
1409,613,0,327.02752685546875
911,778,0,327.0810241699219
1192,1252,0,327.24151611328125
40,966,0,327.3499755859375
889,218,0,327.4034118652344
2244,1696,0,327.443115234375
971,763,0,327.4904479980469
327,111,0,327.53778076171875
278,1874,0,327.563720703125
228,915,0,327.6614074707031
208,1509,0,327.7315979003906
1158,1143,0,327.7575378417969
396,25,0,327.7605895996094
1263,2412,0,327.7712707519531
2029,892,0,327.7804260253906
455,860,0,327.81243896484375
933,422,0,327.83837890625
950,769,0,327.8612365722656
676,1135,0,327.91461181640625
854,2042,0,327.9801940917969
1852,803,0,328.00762939453125
1185,1315,0,328.01220703125
74,142,0,328.0396423339844
156,424,0,328.0792541503906
446,352,0,328.1325988769531
190,1043,0,328.1706848144531
222,2129,0,328.22857666015625
38,73,0,328.35650634765625
1684,19,0,328.3717346191406
143,316,0,328.46307373046875
583,867,0,328.5391845703125
540,249,0,328.58331298828125
444,382,0,328.633544921875
252,779,0,328.64874267578125
292,1033,0,328.6578674316406
145,1773,0,328.7035217285156
379,1471,0,328.7932434082031
18,2010,0,328.8768615722656
717,631,0,328.966552734375
920,1133,0,329.0106506347656
342,2381,0,329.0516662597656
461,259,0,329.074462890625
390,857,0,329.1109313964844
493,607,0,329.1230773925781
1151,954,0,329.2020568847656
1009,131,0,329.21270751953125
472,724,0,329.3053283691406
207,1619,0,329.3326721191406
354,1109,0,329.38275146484375
1318,1353,0,329.3994445800781
695,2450,0,329.4298095703125
718,157,0,329.4692687988281
1471,1282,0,329.48443603515625
2057,1306,0,329.573974609375
864,341,0,329.5754699707031
1581,1700,0,329.6058349609375
660,472,0,329.66497802734375
2101,1148,0,329.7104797363281
1871,167,0,329.8059997558594
2119,866,0,329.8454284667969
358,77,0,329.9515075683594
23,1475,0,329.98486328125
55,2193,0,329.9954528808594
1145,827,0,330.007568359375
269,1555,0,330.0136413574219
502,746,0,330.0212097167969
1017,928,0,330.04241943359375
724,166,0,330.04998779296875
634,953,0,330.06060791015625
1889,2451,0,330.1227111816406
1452,2167,0,330.1666259765625
523,1007,0,330.1772155761719
1135,1173,0,330.20599365234375
683,488,0,330.215087890625
862,1222,0,330.3180236816406
882,1282,0,330.3331604003906
886,130,0,330.3573913574219
388,2449,0,330.3725280761719
1484,2207,0,330.38311767578125
192,1032,0,330.3921813964844
1513,1825,0,330.40582275390625
2381,774,0,330.4224548339844
236,513,0,330.4527282714844
322,2077,0,330.45574951171875
510,156,0,330.4875183105469
1533,12,0,330.4875183105469
1096,2388,0,330.50567626953125
949,987,0,330.7340393066406
1131,1043,0,330.79449462890625
244,2214,0,330.8126220703125
1055,726,0,330.83380126953125
999,2275,0,330.9123840332031
811,1939,0,330.9154052734375
483,82,0,330.9305114746094
284,411,0,330.9879150390625
64,881,0,331.1329040527344
1917,1057,0,331.1449890136719
1352,413,0,331.1615905761719
730,85,0,331.2174377441406
835,944,0,331.2355651855469
873,2234,0,331.28387451171875
467,679,0,331.2974548339844
918,948,0,331.3019714355469
150,1380,0,331.3200988769531
557,303,0,331.3744201660156
844,1309,0,331.3819580078125
381,538,0,331.38800048828125
235,32,0,331.4920959472656
209,1474,0,331.51922607421875
301,577,0,331.572021484375
682,333,0,331.5765380859375
1464,1008,0,331.7227783203125
1105,1388,0,331.85992431640625
215,1632,0,331.920166015625
68,2045,0,331.9502868652344
427,972,0,331.9789123535156
227,1183,0,332.207763671875
658,1615,0,332.23333740234375
17,813,0,332.2484130859375
1214,1089,0,332.35675048828125
359,76,0,332.4424743652344
787,1245,0,332.47857666015625
184,2456,0,332.49810791015625
1849,945,0,332.5567626953125
1613,439,0,332.6334228515625
1031,285,0,332.7281188964844
360,252,0,332.76568603515625
448,854,0,332.76568603515625
644,1121,0,332.76568603515625
78,2215,0,332.8618469238281
159,1066,0,332.8888854980469
930,310,0,332.8963928222656
1205,620,0,332.93243408203125
1887,462,0,333.0
743,2123,0,333.0014953613281
1839,2180,0,333.0165100097656
1799,720,0,333.0285339355469
909,1758,0,333.0720520019531
535,726,0,333.0795593261719
1047,1174,0,333.12908935546875
726,705,0,333.2266540527344
1495,1530,0,333.26715087890625
118,1935,0,333.3046569824219
44,645,0,333.357177734375
754,1172,0,333.36016845703125
120,236,0,333.3646545410156
708,1429,0,333.4156494140625
1112,1284,0,333.44415283203125
1150,256,0,333.4456481933594
622,1246,0,333.46063232421875
1992,1814,0,333.5071105957031
8,2172,0,333.5925598144531
813,189,0,333.6165466308594
32,639,0,333.62554931640625
146,1583,0,333.62554931640625
2166,311,0,333.64501953125
1142,85,0,333.71844482421875
1073,82,0,333.7604064941406
2285,198,0,333.8218078613281
1062,1090,0,333.8442687988281
1869,1230,0,333.89068603515625
1139,228,0,334.0059814453125
1766,1767,0,334.2020263671875
990,1136,0,334.2154846191406
341,11,0,334.2678527832031
1520,1110,0,334.336669921875
892,272,0,334.40545654296875
378,1428,0,334.4413146972656
2211,391,0,334.4996337890625
380,396,0,334.5788269042969
514,117,0,334.58331298828125
1986,2043,0,334.7655944824219
1900,1756,0,334.85968017578125
822,1804,0,334.86712646484375
100,1421,0,334.8940124511719
823,1445,0,335.0089416503906
2294,825,0,335.0537414550781
1795,1097,0,335.0746154785156
1222,1088,0,335.1477355957031
1101,1705,0,335.2253112792969
997,640,0,335.2267761230469
837,964,0,335.3147888183594
702,168,0,335.32373046875
526,2429,0,335.32672119140625
79,52,0,335.338623046875
804,208,0,335.3982849121094
277,2123,0,335.46832275390625
1088,34,0,335.5190124511719
784,2077,0,335.5696716308594
1011,1546,0,335.6620178222656
1940,2138,0,335.66650390625
355,767,0,335.67694091796875
861,1179,0,335.6903381347656
1896,711,0,335.7320251464844
433,229,0,335.7528991699219
174,1132,0,335.8481750488281
34,1380,0,335.90625
107,301,0,335.99554443359375
130,617,0,336.0729064941406
348,548,0,336.0967102050781
667,671,0,336.11456298828125
230,1224,0,336.1160583496094
1242,424,0,336.20233154296875
1330,844,0,336.2320556640625
30,830,0,336.2409973144531
567,339,0,336.2454528808594
345,541,0,336.28558349609375
722,740,0,336.2870788574219
1310,458,0,336.34210205078125
960,387,0,336.3495178222656
693,1254,0,336.3614196777344
894,496,0,336.36883544921875
312,679,0,336.3807373046875
1877,1184,0,336.40155029296875
447,855,0,336.4119567871094
752,1078,0,336.4416809082031
1121,1543,0,336.49072265625
616,1010,0,336.54718017578125
500,1813,0,336.5531311035156
1094,159,0,336.59619140625
385,53,0,336.61700439453125
51,2161,0,336.8961181640625
989,32,0,336.9154052734375
180,1171,0,337.1082763671875
246,1827,0,337.1542663574219
1021,241,0,337.23284912109375
290,947,0,337.2877197265625
486,256,0,337.3114318847656
1161,934,0,337.4700012207031
363,793,0,337.5307312011719
217,2062,0,337.5455627441406
706,1044,0,337.61663818359375
629,852,0,337.7040100097656
901,26,0,337.7262268066406
736,121,0,337.7913513183594
953,789,0,337.81207275390625
1172,576,0,337.87127685546875
43,1164,0,337.9422912597656
857,450,0,337.98077392578125
238,813,0,338.00146484375
257,2098,0,338.0458679199219
738,85,0,338.0606384277344
1776,316,0,338.1168518066406
637,543,0,338.128662109375
374,1648,0,338.1360778808594
553,325,0,338.15380859375
2034,260,0,338.30755615234375
1767,631,0,338.52178955078125
254,2089,0,338.5424499511719
876,1610,0,338.5469055175781
1987,1482,0,338.6827392578125
845,1507,0,338.697509765625
1421,669,0,338.7594909667969
233,1286,0,338.78607177734375
1886,752,0,338.87017822265625
925,1111,0,338.88494873046875
783,2076,0,338.9306640625
511,150,0,338.93658447265625
651,164,0,338.9587097167969
542,536,0,338.9955749511719
240,344,0,339.0295104980469
353,169,0,339.0295104980469
1165,217,0,339.17401123046875
773,575,0,339.27569580078125
177,1377,0,339.37738037109375
331,555,0,339.48931884765625
365,1702,0,339.5408630371094
249,1583,0,339.5452880859375
1451,2166,0,339.5924072265625
29,1400,0,339.5938720703125
1867,217,0,339.5968322753906
206,1603,0,339.6351013183594
1716,1633,0,339.65423583984375
2441,467,0,339.67926025390625
428,1517,0,339.6954650878906
330,976,0,339.7234191894531
1523,2167,0,339.7454833984375
198,299,0,339.8146667480469
279,157,0,339.92498779296875
874,2037,0,340.01910400390625
588,11,0,340.0352783203125
25,133,0,340.0852966308594
912,1224,0,340.15142822265625
2054,1074,0,340.18231201171875
600,1002,0,340.199951171875
794,1574,0,340.28369140625
905,1109,0,340.3042907714844
149,943,0,340.3160400390625
830,163,0,340.47906494140625
1058,829,0,340.5407409667969
1505,1223,0,340.57452392578125
774,1141,0,340.6097412109375
2024,977,0,340.6508483886719
1040,154,0,340.65966796875
1979,1147,0,340.66259765625
878,196,0,340.7242431640625
759,1124,0,340.85186767578125
475,1097,0,340.8680114746094
340,1702,0,340.8782653808594
1159,640,0,340.8826904296875
286,324,0,340.9618835449219
1176,1694,0,340.9706726074219
979,198,0,341.0249328613281
415,594,0,341.2696838378906
1050,1099,0,341.2770080566406
1985,454,0,341.3341369628906
1093,1662,0,341.3927307128906
1680,249,0,341.4761962890625
28,1065,0,341.58892822265625
398,1498,0,341.6504211425781
71,753,0,341.65625
577,2041,0,341.6591796875
921,777,0,341.7586975097656
95,1693,0,341.7630615234375
375,1383,0,341.9298095703125
2129,2137,0,341.9546813964844
476,1641,0,342.0131530761719
101,196,0,342.02923583984375
515,682,0,342.0409240722656
737,662,0,342.0570068359375
179,241,0,342.116943359375
1153,1171,0,342.1505432128906
1399,948,0,342.1505432128906
538,631,0,342.21630859375
1051,2355,0,342.2177734375
1037,391,0,342.220703125
1623,1210,0,342.2688903808594
2043,379,0,342.2762145996094
394,360,0,342.3477783203125
364,1645,0,342.40618896484375
636,763,0,342.4237060546875
1189,1412,0,342.4266357421875
767,9,0,342.464599609375
671,193,0,342.5813903808594
749,2449,0,342.59014892578125
957,120,0,342.6426696777344
940,353,0,342.6733093261719
39,798,0,342.7083435058594
2139,2118,0,342.7535705566406
895,786,0,342.8104553222656
142,936,0,342.8162841796875
537,151,0,342.96209716796875
422,732,0,342.9941711425781
1447,376,0,343.08746337890625
35,1121,0,343.0918273925781
875,459,0,343.1034851074219
366,684,0,343.2040100097656
666,441,0,343.2287902832031
402,180,0,343.2579345703125
791,1544,0,343.2914123535156
464,868,0,343.322021484375
1072,1249,0,343.3351135253906
457,807,0,343.399169921875
504,2388,0,343.5156555175781
369,248,0,343.5505676269531
470,1610,0,343.6640930175781
412,1049,0,343.7164611816406
1033,1020,0,343.7833557128906
370,2088,0,343.7862854003906
319,132,0,343.8008117675781
962,983,0,343.838623046875
172,198,0,343.89678955078125
1147,140,0,344.0334167480469
1097,1108,0,344.1017150878906
1273,1210,0,344.12786865234375
716,94,0,344.1976318359375
973,328,0,344.209228515625
970,294,0,344.377685546875
297,280,0,344.4488220214844
1183,961,0,344.4648132324219
596,72,0,344.5620422363281
1910,1126,0,344.57220458984375
1264,1729,0,344.5765380859375
2023,1166,0,344.5939636230469
108,167,0,344.7375793457031
111,246,0,344.7796325683594
1354,1316,0,344.8390808105469
587,536,0,344.85504150390625
988,1028,0,344.91302490234375
458,2381,0,344.9188232421875
1229,916,0,344.930419921875
1146,1489,0,344.9521789550781
691,154,0,344.9666748046875
293,832,0,344.9695739746094
2448,112,0,344.99566650390625
1106,1765,0,345.0188293457031
1332,625,0,345.066650390625
928,2373,0,345.1419982910156
1445,901,0,345.1883544921875
2130,1273,0,345.1955871582031
259,740,0,345.2173156738281
710,352,0,345.2187805175781
1476,145,0,345.2810363769531
1963,2066,0,345.3172302246094
1022,1143,0,345.35345458984375
1175,76,0,345.42437744140625
1198,1641,0,345.4258117675781
1729,855,0,345.44464111328125
2265,112,0,345.4562072753906
281,152,0,345.4793701171875
701,319,0,345.50396728515625
1077,609,0,345.5271301269531
325,1210,0,345.6935119628906
503,294,0,345.71807861328125
1941,905,0,345.7513427734375
793,427,0,345.7961730957031
326,99,0,345.82220458984375
1087,1622,0,345.8468017578125
1551,1950,0,345.981201171875
769,2368,0,346.03466796875
1044,928,0,346.1950378417969
160,279,0,346.2008056640625
834,488,0,346.25714111328125
1071,1821,0,346.2701110839844
287,536,0,346.2759094238281
105,1395,0,346.3755187988281
2036,717,0,346.40582275390625
1624,332,0,346.426025390625
267,1904,0,346.4664611816406
473,684,0,346.47076416015625
77,505,0,346.5342712402344
907,1068,0,346.63958740234375
245,2076,0,346.681396484375
1,2102,0,346.72467041015625
528,1704,0,346.7391052246094
1717,151,0,346.7765808105469
384,1515,0,346.7881164550781
443,343,0,346.8717346191406
262,460,0,346.9236145019531
306,1924,0,347.06195068359375
406,2202,0,347.1325378417969
961,1903,0,347.203125
1425,996,0,347.3542785644531
581,610,0,347.3917236328125
1998,840,0,347.4708557128906
532,36,0,347.4780578613281
1954,160,0,347.5025329589844
309,1829,0,347.5111389160156
168,1378,0,347.5946044921875
144,1619,0,347.7197265625
434,441,0,347.7470397949219
2021,31,0,347.7527770996094
60,1543,0,347.7901611328125
620,441,0,347.8376159667969
1012,1953,0,347.87640380859375
2295,186,0,347.8879089355469
954,1626,0,348.17236328125
1753,661,0,348.2556457519531
2094,1484,0,348.2800598144531
1740,285,0,348.3633117675781
479,1874,0,348.423583984375
670,412,0,348.723388671875
436,846,0,348.72625732421875
509,290,0,348.767822265625
766,484,0,348.7749938964844
389,0,0,348.8423767089844
1673,1998,0,348.86529541015625
1187,2186,0,348.89825439453125
421,1543,0,349.04583740234375
393,428,0,349.0845031738281
964,2060,0,349.0931091308594
305,1244,0,349.1131591796875
884,1031,0,349.171875
2255,200,0,349.1761779785156
827,85,0,349.1790466308594
956,53,0,349.20623779296875
506,1345,0,349.2105407714844
1340,497,0,349.4710388183594
226,131,0,349.535400390625
856,156,0,349.6512451171875
418,689,0,349.68701171875
985,1283,0,349.75421142578125
2330,326,0,349.7570495605469
712,800,0,349.7670593261719
618,133,0,349.9528503417969
1110,1117,0,350.0528564453125
772,1452,0,350.1770935058594
196,1924,0,350.2541809082031
1064,958,0,350.2941589355469
224,1027,0,350.3683776855469
367,1700,0,350.4054870605469
280,1352,0,350.4097595214844
2151,683,0,350.4140319824219
533,346,0,350.56524658203125
33,1886,0,350.6764831542969
1465,46,0,350.67791748046875
1347,218,0,350.6893310546875
468,88,0,350.8446960449219
212,692,0,350.8831787109375
1666,637,0,350.91168212890625
775,126,0,350.97576904296875
373,736,0,351.0740661621094
2384,252,0,351.0897216796875
1065,1448,0,351.1552429199219
818,95,0,351.1566467285156
84,1237,0,351.1822814941406
285,645,0,351.2563171386719
27,1233,0,351.25775146484375
614,2388,0,351.28619384765625
653,300,0,351.4726257324219
181,1556,0,351.5238342285156
1794,1133,0,351.53662109375
187,346,0,351.57928466796875
817,822,0,351.66461181640625
572,1195,0,351.6958923339844
1814,1116,0,351.7058410644531
399,1825,0,351.7598571777344
24,905,0,351.77691650390625
728,460,0,351.8138732910156
283,516,0,352.0227355957031
2222,1100,0,352.08380126953125
1207,662,0,352.0880432128906
1206,521,0,352.26837158203125
2125,405,0,352.34075927734375
574,544,0,352.3747863769531
1174,720,0,352.4840393066406
416,1489,0,352.63861083984375
594,180,0,352.674072265625
969,180,0,353.0311584472656
846,722,0,353.0665588378906
935,1157,0,353.35394287109375
496,724,0,353.6622619628906
1477,1950,0,354.019775390625
1719,2166,0,354.2160339355469
639,2412,0,354.2936706542969
1014,1664,0,354.3882141113281
1539,1961,0,354.484130859375
1059,940,0,354.6646423339844
807,2077,0,354.673095703125
780,1970,0,355.0394287109375
2058,825,0,355.05914306640625
2424,1239,0,355.0901184082031
2395,1158,0,355.1070251464844
1958,1973,0,355.14080810546875
5,1151,0,355.2182312011719
842,168,0,355.27032470703125
3,1055,0,355.378662109375
516,176,0,355.3843078613281
609,825,0,355.402587890625
524,824,0,355.5615234375
176,1307,0,355.8482971191406
656,2427,0,356.0716247558594
1368,2103,0,356.0954895019531
825,748,0,356.2063903808594
346,1125,0,356.6034240722656
853,401,0,356.78424072265625
744,126,0,356.861328125
1113,46,0,356.8641052246094
469,1204,0,357.0069885253906
872,150,0,357.1582336425781
1754,2475,0,357.16802978515625
2461,1804,0,357.2170104980469
1300,2260,0,357.2590026855469
1899,1484,0,357.2646179199219
1036,536,0,357.4241027832031
2157,2420,0,357.43951416015625
803,868,0,357.6660461425781
1542,2166,0,357.7554931640625
485,846,0,357.8714904785156
188,2209,0,358.12567138671875
902,1588,0,358.4591979980469
1563,625,0,358.4606018066406
2267,264,0,358.59307861328125
477,2186,0,358.594482421875
299,1305,0,358.6850891113281
611,2161,0,358.85650634765625
1470,2452,0,358.8983154296875
776,1338,0,359.04595947265625
879,805,0,359.1322937011719
1168,1613,0,359.1434326171875
93,1599,0,359.4384460449219
927,1807,0,359.50244140625
1303,1126,0,360.0777587890625
2183,1253,0,360.4122619628906
216,55,0,360.8753356933594
1491,76,0,361.3917541503906
593,256,0,361.58123779296875
1190,1677,0,361.6130676269531
1272,260,0,361.7112121582031
1119,139,0,361.7139892578125
1597,1332,0,361.91021728515625
0,207,0,361.9267883300781
495,2073,0,361.97100830078125
115,1418,0,362.18365478515625
599,1215,0,362.7781677246094
589,724,0,363.0303039550781
1757,693,0,363.20654296875
903,207,0,363.422607421875
2140,2459,0,363.54229736328125
527,384,0,363.5643005371094
771,1823,0,363.87908935546875
715,906,0,364.087890625
534,189,0,364.2856140136719
94,2041,0,364.5037841796875
203,1043,0,364.6697082519531
1622,1624,0,364.9986267089844
1810,1311,0,365.0479431152344
536,157,0,365.6241149902344
1483,709,0,365.84423828125
175,1302,0,365.9139099121094
1115,1301,0,366.1734619140625
841,1089,0,366.65924072265625
109,538,0,367.1144104003906
1279,478,0,367.12939453125
1102,1219,0,367.261474609375
313,2455,0,367.2682800292969
191,1909,0,367.67919921875
1118,344,0,367.9551696777344
1469,53,0,368.0203857421875
1506,899,0,368.1086730957031
1233,2089,0,368.4033203125
1594,675,0,368.6800842285156
1793,1183,0,368.82244873046875
1892,684,0,368.9322509765625
525,102,0,369.0704650878906
720,548,0,369.08807373046875
62,1188,0,369.1056823730469
1400,499,0,369.5646057128906
569,1377,0,370.1850891113281
99,1121,0,370.4375915527344
211,207,0,370.697998046875
568,1404,0,370.8355407714844
721,1113,0,371.215576171875
456,1766,0,371.6369323730469
1408,545,0,372.9410095214844
941,536,0,373.123291015625
2182,1167,0,373.472900390625
638,314,0,374.5423889160156
1188,1166,0,377.18829345703125
699,477,0,377.5354309082031
492,228,0,377.8266906738281
543,826,0,378.0714111328125
1432,520,0,380.2183532714844
719,680,0,380.8345947265625
2248,45,0,392.5608215332031
1957,1587,0,400.896484375
1485,661,0,411.6624755859375
