1888,877,0,10.770329475402832
1785,781,0,10.816654205322266
1905,895,0,11.575837135314941
2156,1136,0,12.0
1973,946,0,12.041594505310059
2155,1135,0,12.649110794067383
2399,1408,0,14.456831932067871
2296,1295,0,14.560219764709473
2373,1366,0,15.066518783569336
2323,1317,0,15.264337539672852
1369,336,0,15.65247631072998
1388,357,0,15.779733657836914
1682,684,0,16.0
1721,734,0,16.0
1885,869,0,16.0623779296875
1852,884,0,16.18641471862793
1577,558,0,16.431676864624023
1389,358,0,16.792856216430664
2154,1134,0,16.792856216430664
2314,1309,0,16.822603225708008
1329,304,0,16.911535263061523
1489,460,0,17.17556381225586
1788,786,0,17.233688354492188
2330,1326,0,17.972200393676758
2071,1041,0,18.16590118408203
1362,331,0,18.275667190551758
2290,1292,0,18.41195297241211
2153,1133,0,19.05255889892578
2321,1318,0,19.078784942626953
1933,912,0,19.570384979248047
1949,938,0,19.570384979248047
1955,957,0,19.79899024963379
1476,448,0,19.92485809326172
1862,862,0,19.974985122680664
2157,1137,0,20.371549606323242
1763,754,0,20.615528106689453
2388,1385,0,20.639766693115234
1909,896,0,20.736440658569336
2066,1038,0,21.118711471557617
2101,1084,0,21.3775577545166
2001,1000,0,21.563858032226562
1869,860,0,21.610183715820312
2339,1342,0,21.771541595458984
2191,1168,0,21.863210678100586
1916,894,0,22.226110458374023
2159,1140,0,22.69361114501953
2141,1116,0,22.89104652404785
1195,172,0,22.934690475463867
1780,796,0,23.108440399169922
1969,942,0,23.173259735107422
1932,917,0,23.30236053466797
1633,610,0,23.323806762695312
2331,1334,0,23.34523582458496
1952,935,0,23.53720474243164
1997,991,0,23.64318084716797
1632,609,0,23.76972770690918
1196,173,0,24.22808265686035
2142,1141,0,24.24871063232422
2306,1302,0,24.433584213256836
2158,1138,0,24.617067337036133
1853,849,0,24.73863410949707
2100,1083,0,24.879711151123047
1318,297,0,25.139610290527344
1568,559,0,25.139610290527344
1164,142,0,25.357444763183594
1986,960,0,25.475479125976562
1330,309,0,25.534290313720703
2193,1188,0,25.612497329711914
2214,1197,0,25.612497329711914
1764,790,0,25.63201141357422
1339,320,0,25.84569549560547
1787,785,0,25.884357452392578
2123,1091,0,26.172504425048828
1936,932,0,26.28687858581543
1650,642,0,26.324893951416016
1624,606,0,26.4007568359375
1714,724,0,26.551836013793945
2459,1469,0,26.60826873779297
1655,632,0,26.70206069946289
2176,1151,0,26.832815170288086
2128,1101,0,26.870058059692383
2089,1058,0,26.925823211669922
2316,1325,0,26.925823211669922
2095,1057,0,27.166154861450195
2216,1201,0,27.20294189453125
1125,104,0,27.23967742919922
1900,900,0,27.386127471923828
2249,1233,0,27.40437889099121
1311,288,0,27.440845489501953
1104,92,0,27.513633728027344
1706,701,0,27.513633728027344
2337,1343,0,27.568098068237305
1524,526,0,27.604347229003906
2177,1175,0,27.622453689575195
1995,979,0,27.874719619750977
1978,948,0,28.089143753051758
2105,1096,0,28.12472152709961
1522,497,0,28.284271240234375
2144,1125,0,28.740215301513672
1433,395,0,28.913663864135742
2122,1088,0,28.965496063232422
1784,784,0,29.223278045654297
1130,106,0,29.30870246887207
2200,1207,0,29.42787742614746
2213,1195,0,29.46183967590332
2320,1315,0,29.563491821289062
1823,823,0,29.681644439697266
1341,337,0,29.698484420776367
1310,287,0,29.832868576049805
2190,1180,0,29.832868576049805
2324,1319,0,29.883106231689453
1664,637,0,29.916549682617188
1781,779,0,29.94995880126953
1947,939,0,30.0
1281,270,0,30.033315658569336
1511,501,0,30.099834442138672
2106,1097,0,30.099834442138672
1928,915,0,30.149627685546875
1637,619,0,30.182777404785156
1954,956,0,30.282007217407227
1856,864,0,30.29851531982422
2426,1436,0,30.29851531982422
1820,821,0,30.34798240661621
2272,1266,0,30.364452362060547
2396,1400,0,30.397367477416992
1987,961,0,30.512292861938477
1263,250,0,30.5941162109375
1641,624,0,30.626785278320312
1622,605,0,30.773365020751953
1108,84,0,31.192947387695312
1461,432,0,31.224990844726562
2300,1299,0,31.272991180419922
2327,1320,0,31.496030807495117
1855,863,0,31.59113883972168
1384,369,0,31.62277603149414
1453,421,0,31.62277603149414
1794,800,0,31.685958862304688
1294,277,0,31.73326301574707
1477,451,0,31.811946868896484
2130,1102,0,31.827661514282227
1668,682,0,31.85906410217285
1563,556,0,32.31098937988281
1772,795,0,32.35737991333008
1527,503,0,32.38827133178711
1229,223,0,32.588340759277344
1361,330,0,32.69556427001953
2253,1244,0,32.893768310546875
1228,222,0,32.908966064453125
1501,470,0,32.924156188964844
2352,1360,0,32.96968460083008
1831,850,0,33.060550689697266
1626,621,0,33.1662483215332
1283,249,0,33.2866325378418
1607,592,0,33.2866325378418
1359,327,0,33.3316650390625
1991,965,0,33.39161682128906
2212,1205,0,33.61547088623047
1526,502,0,33.763885498046875
1497,475,0,34.161380767822266
1956,933,0,34.161380767822266
2430,1439,0,34.48188018798828
2368,1362,0,34.56877136230469
1238,227,0,34.77067565917969
1262,235,0,34.871192932128906
2247,1239,0,34.871192932128906
1683,685,0,34.885528564453125
1298,299,0,34.89985656738281
1970,945,0,34.914180755615234
1640,623,0,35.028560638427734
1896,876,0,35.04283142089844
2281,1272,0,35.07135772705078
1405,392,0,35.085609436035156
1566,549,0,35.29872512817383
2093,1053,0,35.36948013305664
2237,1247,0,35.45419692993164
1534,534,0,35.52463912963867
1379,350,0,35.608985900878906
2427,1437,0,35.608985900878906
1990,983,0,35.62302780151367
1290,293,0,35.7770881652832
2286,1288,0,35.97220993041992
1067,37,0,36.0
1385,370,0,36.49657440185547
2008,984,0,36.83748245239258
1244,207,0,36.851051330566406
1096,72,0,36.94590759277344
1342,338,0,37.10795211791992
1434,396,0,37.202152252197266
2279,1284,0,37.4032096862793
1882,892,0,37.5233268737793
2333,1335,0,37.5233268737793
1618,616,0,37.56327819824219
1926,905,0,37.56327819824219
1380,351,0,37.57658767700195
1296,294,0,37.60319137573242
1451,418,0,37.60319137573242
2270,1265,0,37.616485595703125
1646,640,0,37.62977600097656
1919,898,0,37.62977600097656
1768,794,0,37.68288803100586
2288,1289,0,37.85498809814453
2081,1048,0,37.88139343261719
1799,814,0,38.09199523925781
1562,542,0,38.10511779785156
1767,758,0,38.131351470947266
2188,1156,0,38.28837966918945
1690,690,0,38.327537536621094
1796,811,0,38.678157806396484
2127,1089,0,39.08964157104492
2420,1441,0,39.127994537353516
1972,974,0,39.16631317138672
1138,144,0,39.24283218383789
2225,1240,0,39.3319206237793
1289,255,0,39.38273620605469
1941,962,0,39.38273620605469
2080,1076,0,39.43348693847656
2282,1285,0,39.534793853759766
2059,1039,0,39.585350036621094
1478,452,0,39.673667907714844
1498,476,0,39.73663330078125
1331,307,0,39.799495697021484
2096,1063,0,39.924930572509766
1490,492,0,39.93745040893555
2117,1089,0,39.96248245239258
2112,1079,0,39.98749923706055
2169,1179,0,40.2740592956543
1866,858,0,40.32368850708008
2394,1401,0,40.348480224609375
1731,726,0,40.39801788330078
1402,384,0,40.607879638671875
1348,341,0,40.62019348144531
2268,1262,0,40.767635345458984
1821,831,0,40.8166618347168
1842,837,0,40.87786865234375
2042,1047,0,41.0
2359,1374,0,41.03656768798828
2252,1261,0,41.07310485839844
1495,487,0,41.09744644165039
1090,66,0,41.1096076965332
1100,90,0,41.1096076965332
1211,206,0,41.19466018676758
2104,1095,0,41.24318313598633
1253,213,0,41.34005355834961
2351,1377,0,41.43669891357422
2367,1364,0,41.55718994140625
1774,767,0,41.58124542236328
2126,1108,0,41.59326934814453
2201,1208,0,41.67733383178711
2064,1059,0,41.71330642700195
2043,1031,0,41.773197174072266
1505,471,0,41.83300018310547
1347,340,0,41.940433502197266
2275,1268,0,41.940433502197266
1324,316,0,41.952354431152344
1597,586,0,42.2255859375
1871,885,0,42.26109313964844
1089,65,0,42.30839157104492
2243,1221,0,42.3320198059082
2210,1218,0,42.39103698730469
1927,927,0,42.52058410644531
1596,579,0,42.53234100341797
1170,143,0,42.54409408569336
2171,1153,0,42.72002029418945
1261,234,0,42.7551155090332
2111,1113,0,42.7551155090332
1257,229,0,42.84857177734375
2231,1209,0,42.88356399536133
1491,485,0,42.90687561035156
2088,1055,0,42.98836898803711
2215,1198,0,42.98836898803711
2181,1160,0,43.023250579833984
2322,1316,0,43.11612319946289
1828,827,0,43.127716064453125
1077,73,0,43.185646057128906
2164,1158,0,43.185646057128906
2058,1046,0,43.31281661987305
1911,891,0,43.33589553833008
1918,925,0,43.35896682739258
1045,18,0,43.37049865722656
1684,683,0,43.382022857666016
1105,95,0,43.39354705810547
1893,872,0,43.439613342285156
2436,1444,0,43.53159713745117
1739,773,0,43.72642135620117
1516,515,0,43.760711669921875
1121,117,0,43.84062194824219
1858,866,0,43.88621520996094
2118,1120,0,43.92038345336914
1295,286,0,43.96589660644531
2055,1040,0,44.04542922973633
1935,959,0,44.10215377807617
1282,271,0,44.13615417480469
1280,246,0,44.18144226074219
1722,752,0,44.26059341430664
1942,963,0,44.32831954956055
2251,1260,0,44.39594650268555
2040,1006,0,44.59820556640625
1612,593,0,44.81071472167969
2374,1368,0,44.86647033691406
1411,393,0,45.0444221496582
1872,886,0,45.18849563598633
1833,836,0,45.19955825805664
2136,1130,0,45.221675872802734
2222,1229,0,45.343135833740234
1387,353,0,45.42026138305664
1832,835,0,45.607017517089844
2424,1434,0,45.617977142333984
1798,806,0,45.628936767578125
1540,533,0,45.639896392822266
1791,793,0,45.7055778503418
1226,226,0,45.93473815917969
1751,742,0,46.097721099853516
1360,348,0,46.10856628417969
1370,356,0,46.22769546508789
1556,557,0,46.346519470214844
2182,1154,0,46.36809158325195
2387,1030,0,46.46504211425781
2094,1054,0,46.497310638427734
1506,472,0,46.52956008911133
1230,232,0,46.58325958251953
2046,1024,0,46.73328399658203
1748,765,0,46.86149978637695
2472,1480,0,46.88283157348633
1401,391,0,47.021270751953125
2356,1359,0,47.08502960205078
1120,119,0,47.21228790283203
1912,911,0,47.21228790283203
1487,467,0,47.360321044921875
1564,545,0,47.381431579589844
1750,744,0,47.381431579589844
1645,641,0,47.39198303222656
1589,567,0,47.41307830810547
2236,1242,0,47.46577835083008
1343,321,0,47.47631072998047
1247,236,0,47.66550064086914
2349,1391,0,47.66550064086914
1408,374,0,47.728397369384766
1621,629,0,47.7807502746582
1117,109,0,47.8434944152832
2298,1297,0,47.87483596801758
1948,940,0,47.958316802978516
1101,91,0,47.97916030883789
1795,810,0,48.02082824707031
1838,854,0,48.05205535888672
1849,846,0,48.13522720336914
1248,237,0,48.1871337890625
1891,874,0,48.41487503051758
1628,626,0,48.425201416015625
2274,1267,0,48.54894256591797
2048,1024,0,48.60041046142578
2418,1432,0,48.61069869995117
1859,871,0,48.774993896484375
2170,1149,0,48.82622146606445
1046,19,0,48.84669876098633
1571,572,0,48.85693359375
1608,612,0,48.86716842651367
1321,311,0,48.948951721191406
1443,416,0,48.97958755493164
1103,80,0,48.98979568481445
1474,439,0,49.050994873046875
2135,1127,0,49.081565856933594
2061,1021,0,49.112117767333984
1509,499,0,49.264591217041016
1800,815,0,49.305171966552734
1224,194,0,49.42671203613281
2254,1249,0,49.52777099609375
2139,1118,0,49.558048248291016
1528,504,0,49.56813430786133
1403,385,0,49.58830642700195
1078,74,0,49.598388671875
1629,625,0,49.8297119140625
2303,1306,0,50.03998565673828
2053,1024,0,50.09989929199219
2350,1377,0,50.19960021972656
2246,1248,0,50.28916549682617
2189,1196,0,50.3189811706543
1075,47,0,50.40833282470703
1725,718,0,50.418251037597656
2131,1109,0,50.418251037597656
1744,744,0,50.45790481567383
2129,1092,0,50.45790481567383
2009,987,0,50.5173225402832
1966,943,0,50.59644317626953
2422,1443,0,50.675437927246094
1179,170,0,50.74445724487305
2073,1044,0,50.76416015625
1394,364,0,50.774009704589844
2257,1251,0,50.80354309082031
1544,541,0,50.85272979736328
1116,108,0,50.87239074707031
1543,540,0,50.950958251953125
1679,652,0,51.185935974121094
2457,1462,0,51.30302047729492
2447,1526,0,51.429561614990234
2404,1430,0,51.57518768310547
1542,517,0,51.60426330566406
1064,42,0,51.720401763916016
1530,532,0,51.82663345336914
2245,1252,0,51.865211486816406
2217,1220,0,52.067264556884766
2085,1050,0,52.47856521606445
1286,253,0,52.50714111328125
2392,1409,0,52.52618408203125
2069,1041,0,52.611785888671875
1486,479,0,52.65928268432617
1971,967,0,52.67826843261719
1857,865,0,52.70673751831055
2238,1214,0,52.801513671875
1279,260,0,52.81098556518555
2032,994,0,52.867759704589844
2078,1071,0,52.87721633911133
1284,251,0,53.018863677978516
1717,727,0,53.047149658203125
1718,739,0,53.13191223144531
1807,808,0,53.13191223144531
1964,950,0,53.15073013305664
2195,1177,0,53.31978988647461
1627,634,0,53.35728454589844
1512,493,0,53.45091247558594
1332,308,0,53.52569580078125
1406,373,0,53.61902618408203
1759,775,0,53.656314849853516
1996,988,0,53.656314849853516
1439,407,0,53.72150421142578
1275,259,0,53.730812072753906
2015,985,0,53.823787689208984
1993,970,0,53.87021255493164
1372,360,0,53.93514633178711
2052,1393,0,53.93514633178711
2082,1082,0,53.95368194580078
1687,662,0,53.98147964477539
1322,310,0,53.99074172973633
1747,749,0,54.120235443115234
2229,1204,0,54.20331954956055
1365,352,0,54.25864028930664
1694,688,0,54.350711822509766
2197,1178,0,54.37830352783203
1797,804,0,54.415069580078125
1485,486,0,54.43344497680664
1604,602,0,54.47935485839844
1456,441,0,54.69003677368164
2412,1426,0,54.80875778198242
2397,1407,0,54.863468170166016
1368,365,0,54.93632507324219
1897,878,0,55.0
1177,153,0,55.02726745605469
1583,562,0,55.081756591796875
1334,314,0,55.17245864868164
1735,762,0,55.19057846069336
1437,403,0,55.35340881347656
1148,151,0,55.4797248840332
2060,1043,0,55.488739013671875
1122,118,0,55.49774932861328
1134,116,0,55.5877685546875
1769,764,0,55.63272476196289
2045,1012,0,55.677642822265625
1371,359,0,55.69560241699219
1803,807,0,55.803226470947266
1720,717,0,55.821144104003906
1740,744,0,55.89275360107422
1771,770,0,56.04462432861328
2441,1447,0,56.080299377441406
1227,198,0,56.08921432495117
1850,847,0,56.24055480957031
2119,1119,0,56.40035629272461
1521,496,0,56.41808319091797
1753,749,0,56.4358024597168
2452,1457,0,56.48008346557617
1153,162,0,56.67451095581055
2233,1237,0,56.68333053588867
2384,1393,0,56.80669021606445
1519,524,0,56.82429122924805
1815,812,0,56.90342712402344
1837,853,0,56.982452392578125
1737,772,0,57.00876998901367
1561,538,0,57.22761535644531
1658,653,0,57.236351013183594
1999,972,0,57.30619430541992
1110,86,0,57.34980392456055
2385,1367,0,57.375953674316406
2143,1124,0,57.384666442871094
2232,1211,0,57.47173309326172
1450,420,0,57.480430603027344
1965,951,0,57.497825622558594
1140,138,0,57.55866622924805
1826,843,0,57.706153869628906
2180,1159,0,57.74945831298828
2086,1080,0,57.92236328125
1550,543,0,57.9482536315918
1590,582,0,57.96550750732422
1285,252,0,58.00862121582031
2280,1271,0,58.146366119384766
2315,1323,0,58.154964447021484
1202,197,0,58.22370529174805
1688,663,0,58.27520751953125
2380,1390,0,58.29236602783203
1304,274,0,58.352378845214844
2044,1392,0,58.40376663208008
1981,954,0,58.446556091308594
2378,1381,0,58.49786376953125
1656,676,0,58.61740493774414
2194,1176,0,58.61740493774414
2403,1412,0,58.63446044921875
2451,1460,0,58.79625701904297
2442,1448,0,58.813262939453125
2379,1373,0,58.898216247558594
1066,23,0,59.03388977050781
1960,969,0,59.084686279296875
1643,639,0,59.40538787841797
1197,182,0,59.430633544921875
1845,838,0,59.56509017944336
1738,755,0,59.74110794067383
1349,340,0,59.80802536010742
1356,345,0,60.008331298828125
2307,1303,0,60.024993896484375
1109,85,0,60.05830383300781
1315,306,0,60.083274841308594
2068,1052,0,60.116554260253906
1825,842,0,60.14149856567383
1754,746,0,60.373836517333984
1366,354,0,60.39039611816406
2192,1170,0,60.4400520324707
2109,1093,0,60.448326110839844
1344,333,0,60.49793243408203
2405,1428,0,60.52272415161133
1840,832,0,60.58052444458008
1531,523,0,60.69596481323242
1217,209,0,60.81118392944336
1810,825,0,60.81940460205078
1619,600,0,60.96720504760742
1510,500,0,61.01639175415039
2393,1389,0,61.057350158691406
1374,344,0,61.0655403137207
1092,81,0,61.375892639160156
2051,1022,0,61.392181396484375
1272,265,0,61.46543884277344
1114,89,0,61.538604736328125
1507,482,0,61.57109832763672
1208,203,0,61.814239501953125
1723,737,0,61.830413818359375
1200,190,0,61.86275100708008
1922,901,0,61.951595306396484
1172,146,0,62.0
1992,1005,0,62.01612854003906
1817,844,0,62.07253646850586
1870,880,0,62.34580993652344
2371,1024,0,62.481998443603516
1582,573,0,62.56996154785156
2000,999,0,62.56996154785156
1536,525,0,62.585941314697266
2317,1310,0,62.737548828125
1460,444,0,62.992061614990234
2463,1468,0,63.079315185546875
1158,161,0,63.158531188964844
1355,339,0,63.166446685791016
1899,919,0,63.166446685791016
2178,1155,0,63.18227767944336
2284,1282,0,63.20601272583008
2375,1389,0,63.221832275390625
2446,469,0,63.27716827392578
1199,188,0,63.62389373779297
1804,594,0,63.67888259887695
2332,1329,0,63.83572769165039
1414,397,0,63.92182540893555
1459,443,0,63.937469482421875
1660,660,0,63.9609260559082
2377,1373,0,63.984371185302734
1488,480,0,64.09368133544922
1783,801,0,64.09368133544922
1551,530,0,64.13267517089844
1671,675,0,64.14826202392578
1449,430,0,64.19501495361328
1465,457,0,64.20280456542969
1500,1139,0,64.26507568359375
2183,1150,0,64.28841400146484
1560,537,0,64.35060119628906
2103,1086,0,64.46704864501953
1063,41,0,64.47480010986328
1271,263,0,64.50581359863281
2357,1365,0,64.51356506347656
1662,669,0,64.55230712890625
1975,958,0,64.66838836669922
2029,1037,0,64.66838836669922
2140,1115,0,64.68384552001953
1421,389,0,64.74565887451172
1435,616,0,64.80740356445312
1934,913,0,64.91532897949219
1659,659,0,64.93073272705078
2389,1373,0,64.93073272705078
1691,689,0,65.0230712890625
1532,522,0,65.04613494873047
1514,506,0,65.0691909790039
1711,735,0,65.09223937988281
2469,1476,0,65.4904556274414
2113,1104,0,65.54387664794922
1340,319,0,65.6048812866211
2401,1419,0,65.62773895263672
2362,1357,0,65.71148681640625
1663,635,0,65.83312225341797
2219,1199,0,65.84071350097656
1222,217,0,66.10597229003906
1059,36,0,66.12110137939453
2341,1355,0,66.12110137939453
2054,1376,0,66.53570556640625
1204,193,0,66.56575775146484
1715,709,0,66.74578857421875
2049,1389,0,66.78323364257812
1335,323,0,66.96267700195312
2056,1392,0,67.11929321289062
2116,1085,0,67.27555084228516
1417,408,0,67.29041290283203
2161,1157,0,67.42403411865234
1812,826,0,67.60177612304688
1593,588,0,67.71263122558594
1535,536,0,67.83067321777344
2012,989,0,67.83804321289062
1889,868,0,67.92642974853516
2453,1461,0,67.94115447998047
1709,732,0,68.27883911132812
1661,668,0,68.41783142089844
2431,1440,0,68.52007293701172
2421,1442,0,68.64401245117188
2013,997,0,68.68769836425781
2454,1466,0,68.818603515625
1929,928,0,68.8621826171875
1930,910,0,68.96376037597656
2007,980,0,69.03622436523438
1424,423,0,69.10861206054688
2218,1222,0,69.13031005859375
1323,313,0,69.18092346191406
1792,797,0,69.2603759765625
1447,417,0,69.39740753173828
1921,916,0,69.41181182861328
1834,861,0,69.45502471923828
1162,140,0,69.46942138671875
1143,154,0,69.47661590576172
1221,216,0,69.79971313476562
1440,402,0,69.79971313476562
1523,498,0,70.0
1686,657,0,70.08566284179688
1171,145,0,70.14271545410156
2258,1270,0,70.19971466064453
1580,580,0,70.23532104492188
1692,681,0,70.27090454101562
1320,298,0,70.27802276611328
2271,1264,0,70.6753158569336
1546,544,0,70.68238830566406
2346,1354,0,70.73188781738281
1210,185,0,70.80960083007812
1805,830,0,70.85195922851562
1430,400,0,70.96478271484375
1309,289,0,71.1547622680664
1576,571,0,71.32321166992188
2355,1358,0,71.40028381347656
1886,897,0,71.54019927978516
1520,520,0,71.74259185791016
1533,521,0,71.82617950439453
2203,1185,0,72.0
1864,856,0,72.25648498535156
1581,581,0,72.28416442871094
1572,563,0,72.40165710449219
2302,1300,0,72.4568862915039
1728,721,0,72.66360473632812
2163,1163,0,72.69112396240234
2372,1395,0,73.0958251953125
1442,412,0,73.23933410644531
1924,936,0,73.28028106689453
1951,971,0,73.42343139648438
1758,745,0,73.44385528564453
2050,1022,0,73.53230285644531
1851,845,0,73.64781188964844
1129,129,0,74.00675964355469
1299,296,0,74.08778381347656
1338,317,0,74.14175415039062
1300,267,0,74.43789672851562
2358,1361,0,74.45803833007812
2167,1162,0,74.63912963867188
2102,1077,0,74.76630401611328
2132,1110,0,74.96665954589844
1539,535,0,75.05331420898438
1727,720,0,75.06663513183594
2313,1321,0,75.1531753540039
1762,756,0,75.21302795410156
1946,947,0,75.67694854736328
1639,636,0,75.74958801269531
1302,273,0,75.99342346191406
1287,275,0,76.0526123046875
2386,1373,0,76.05918884277344
1236,225,0,76.08547973632812
1702,698,0,76.33478546142578
1957,955,0,76.40680694580078
2235,1225,0,76.4656753540039
1159,139,0,76.53103637695312
1412,381,0,76.57022857666016
2353,1351,0,76.73330688476562
1468,453,0,77.16864776611328
2152,1132,0,77.16864776611328
1745,776,0,77.44029998779297
2263,1273,0,77.51773834228516
2018,1008,0,77.60798645019531
2328,1322,0,78.21125030517578
1863,855,0,78.33262634277344
2402,1420,0,78.5748062133789
1680,649,0,78.68926239013672
1446,431,0,78.78451538085938
2147,1126,0,78.79721069335938
1313,280,0,78.83527374267578
1982,975,0,78.99366760253906
2077,1069,0,79.24014282226562
2369,1387,0,79.49842834472656
2083,1051,0,79.85611724853516
1234,228,0,79.89994049072266
2473,1481,0,80.3741226196289
1436,422,0,80.72793579101562
1083,57,0,80.734130859375
2334,1336,0,80.87026977539062
1053,26,0,81.00617218017578
1358,342,0,81.24653625488281
2295,1290,0,81.32035064697266
1061,20,0,81.32649993896484
1923,937,0,81.35108947753906
1793,792,0,81.43709564208984
2062,1026,0,81.44937133789062
2265,1258,0,81.46778869628906
1441,424,0,81.82298278808594
1599,594,0,82.10968017578125
2474,1474,0,82.12186431884766
2395,1401,0,82.19489288330078
1220,205,0,82.3953857421875
1494,495,0,82.43785858154297
1218,215,0,82.58329010009766
1974,964,0,82.78285217285156
1115,105,0,82.80096435546875
1392,377,0,83.07225799560547
1830,829,0,83.13843536376953
2476,1479,0,83.47454833984375
1397,367,0,83.52245330810547
1398,368,0,83.54639434814453
1237,231,0,83.55836486816406
1697,706,0,83.5822982788086
1704,707,0,83.654052734375
1377,347,0,83.70782470703125
1746,749,0,83.82123565673828
1822,824,0,83.86298370361328
2220,1200,0,83.98809814453125
2166,1161,0,84.15461730957031
1049,10,0,84.65222930908203
1445,428,0,84.78207397460938
2138,1117,0,84.9705810546875
2206,1189,0,84.9941177368164
1256,241,0,85.01764678955078
1515,507,0,85.02352905273438
1570,574,0,85.1234359741211
1940,930,0,85.28775024414062
2414,1420,0,85.98837280273438
2448,1452,0,86.37708282470703
1091,79,0,86.74099731445312
2019,1020,0,86.79861450195312
2277,746,0,87.0
1773,769,0,87.22384643554688
1479,454,0,87.26969909667969
2458,1463,0,87.30406951904297
1065,24,0,87.37276458740234
1648,664,0,87.45856475830078
2137,1131,0,87.66413116455078
1703,711,0,87.72685241699219
1353,334,0,87.78382873535156
2097,1073,0,87.80660247802734
2208,1192,0,87.81230163574219
1977,948,0,87.93179321289062
1776,767,0,88.26097869873047
1312,302,0,88.58893585205078
1749,743,0,88.74683380126953
1705,710,0,88.84255981445312
2423,1435,0,88.93255615234375
2209,1193,0,89.30845642089844
1693,687,0,89.342041015625
1712,712,0,89.3700180053711
1249,210,0,89.54886627197266
1462,449,0,89.69950103759766
1504,473,0,89.87213134765625
2308,1304,0,89.89994812011719
1178,165,0,89.9388656616211
1273,258,0,89.9888916015625
1151,133,0,90.30503845214844
1181,180,0,90.3382568359375
2266,1278,0,90.53728485107422
2107,1098,0,90.70281219482422
1350,341,0,90.8570327758789
1755,768,0,90.97801971435547
2207,1226,0,91.24691772460938
1752,746,0,91.34002685546875
1431,399,0,91.4166259765625
2114,1105,0,91.51502227783203
1672,670,0,91.6187744140625
2269,1263,0,91.77145385742188
1464,445,0,91.89668273925781
1573,564,0,91.93476104736328
1141,123,0,91.9510726928711
2391,1406,0,92.36882781982422
2006,1003,0,92.6336898803711
2234,1224,0,92.69843292236328
2299,1296,0,92.94622039794922
2134,1154,0,93.33809661865234
2075,1065,0,93.46121978759766
1894,875,0,93.50401306152344
1525,516,0,93.84028625488281
2256,1250,0,93.96807861328125
1060,34,0,94.00531768798828
1291,291,0,94.05317687988281
1620,631,0,94.25497436523438
1541,527,0,94.3663101196289
1409,388,0,94.47222137451172
1074,46,0,94.51983642578125
1168,164,0,94.5304183959961
1145,158,0,94.5409927368164
1173,147,0,94.88941192626953
1133,111,0,95.11045837402344
1214,204,0,95.78621673583984
1351,324,0,96.06768798828125
2311,1305,0,96.44168853759766
2028,1018,0,96.4468765258789
1057,30,0,96.52460479736328
1031,15,0,96.67471313476562
1513,512,0,96.93296813964844
1983,976,0,97.09788513183594
1097,83,0,97.3960952758789
2202,1184,0,97.46794128417969
1194,171,0,98.1733169555664
1428,425,0,98.18859100341797
2031,1001,0,98.3361587524414
1591,585,0,98.48857879638672
1422,149,0,98.55455017089844
2319,1310,0,98.64582824707031
2146,857,0,98.7420883178711
2460,1470,0,98.81295776367188
1898,918,0,98.91915893554688
2017,1009,0,99.15139770507812
2005,981,0,99.27738952636719
2348,1352,0,99.49874114990234
1123,102,0,99.72462463378906
1457,440,0,100.01000213623047
1039,16,0,100.32946014404297
1146,132,0,100.48880767822266
1801,819,0,100.93067169189453
1124,103,0,101.42485046386719
1198,187,0,101.8037338256836
1839,834,0,102.00980377197266
1613,596,0,102.08819580078125
1438,1448,0,102.3230209350586
1391,379,0,102.71806335449219
1876,887,0,102.77645874023438
2244,1231,0,102.90287017822266
1651,673,0,103.46013641357422
2285,1280,0,103.64362335205078
1878,888,0,104.85227966308594
2036,1002,0,105.047607421875
2076,1068,0,105.0523681640625
1586,577,0,105.15702819824219
1274,266,0,105.67875671386719
2304,1307,0,105.73551940917969
1042,25,0,106.17438507080078
1444,427,0,106.19322204589844
1587,578,0,106.24500274658203
2478,1491,0,106.55984497070312
1142,124,0,106.58329772949219
1480,477,0,106.77078247070312
2003,993,0,106.8316421508789
1354,1631,0,107.36852264404297
1844,857,0,107.46162414550781
1301,269,0,107.54998779296875
2098,1074,0,107.71257781982422
1496,491,0,108.18965148925781
2211,1213,0,108.46197509765625
2240,1227,0,109.40292358398438
2199,1034,0,109.84989929199219
417,835,0,109.98181915283203
1634,630,0,110.58028411865234
418,836,0,110.87831115722656
1239,239,0,111.37773895263672
2063,1049,0,111.44056701660156
1174,163,0,111.76761627197266
2150,1148,0,111.8659896850586
1782,761,0,111.88386535644531
1190,184,0,111.96874237060547
2432,1445,0,112.53887939453125
2364,1411,0,112.6854019165039
2435,1454,0,112.81843566894531
1708,729,0,112.88932800292969
1778,778,0,113.0
1689,1384,0,113.41075897216797
1219,192,0,114.11836242675781
1492,1401,0,114.3197250366211
2433,1446,0,114.43775939941406
1777,793,0,114.51637268066406
143,1655,0,114.57748413085938
1071,56,0,116.20671081542969
1176,150,0,116.5160903930664
2165,1146,0,116.80753326416016
2179,1172,0,117.89826202392578
1549,550,0,118.08048248291016
998,205,0,118.13128662109375
2481,1477,0,118.2455062866211
1757,744,0,118.72657775878906
2406,1523,0,118.74763488769531
2124,962,0,119.09239959716797
1455,442,0,119.43617248535156
1187,178,0,120.56118774414062
2347,1352,0,120.68968200683594
2011,982,0,120.76009368896484
2381,1402,0,120.95453643798828
2224,1242,0,121.15279388427734
1099,78,0,121.25180053710938
1707,708,0,121.3507308959961
1393,858,0,121.7620620727539
1558,546,0,121.98770141601562
1770,1264,0,122.06964874267578
1742,750,0,122.56835174560547
2445,405,0,123.31666564941406
1448,437,0,123.44229125976562
1502,401,0,123.91529083251953
2480,1492,0,123.99596405029297
1786,770,0,124.26986694335938
1953,205,0,124.31009674072266
2407,1524,0,124.59935760498047
1266,467,0,124.6795883178711
1730,728,0,124.94799041748047
2020,992,0,125.14791107177734
2047,1027,0,126.047607421875
2084,1034,0,126.16259002685547
1699,700,0,126.66096496582031
2108,1079,0,126.82665252685547
2366,1388,0,127.16131591796875
2376,1387,0,127.29100799560547
1297,301,0,127.57743072509766
1503,472,0,127.9179458618164
1337,328,0,128.07809448242188
1463,643,0,128.1366424560547
2099,1401,0,128.53404235839844
1654,729,0,128.58848571777344
1088,62,0,130.4300537109375
1647,643,0,130.52969360351562
2228,717,0,130.537353515625
2326,1332,0,130.9389190673828
1635,615,0,131.3697052001953
2287,1297,0,131.8256378173828
1657,702,0,131.9962158203125
2283,1279,0,132.0
1892,922,0,132.5254669189453
1186,177,0,133.27040100097656
1636,628,0,133.73855590820312
1314,281,0,134.28700256347656
1254,214,0,134.60311889648438
1373,355,0,134.62911987304688
1191,186,0,135.15916442871094
2273,738,0,136.42579650878906
2016,1010,0,136.53570556640625
1112,107,0,136.74063110351562
2325,1331,0,137.01095581054688
1789,791,0,137.05108642578125
1616,1063,0,138.5784912109375
367,792,0,138.91363525390625
1040,17,0,138.917236328125
2239,1235,0,139.26234436035156
1937,1355,0,140.17132568359375
1452,434,0,140.40298461914062
2145,1142,0,140.4919891357422
2416,1433,0,140.96807861328125
2223,1194,0,141.65451049804688
849,53,0,141.81326293945312
2437,278,0,142.2603302001953
2023,1390,0,144.76878356933594
1614,611,0,144.9862060546875
2174,948,0,145.63653564453125
1841,851,0,146.36256408691406
1258,559,0,147.8546600341797
1868,867,0,148.9630889892578
2438,279,0,149.1844482421875
2411,1431,0,149.2715606689453
2261,793,0,150.62203979492188
1920,925,0,150.8343505859375
1649,638,0,150.85092163085938
1137,260,0,151.3836212158203
1669,1375,0,152.4434356689453
1592,1398,0,152.60406494140625
2090,1062,0,153.1535186767578
2342,1353,0,154.34701538085938
2344,1371,0,157.02865600585938
1081,79,0,157.30543518066406
2365,1257,0,157.54364013671875
1630,617,0,157.57220458984375
1076,67,0,158.0253143310547
816,604,0,158.8269500732422
399,1659,0,159.6370849609375
1538,734,0,159.97811889648438
2125,963,0,160.648681640625
659,1659,0,160.7202606201172
1209,710,0,160.9471893310547
1185,396,0,162.02468872070312
2470,1571,0,163.05520629882812
1743,742,0,163.25440979003906
1836,1299,0,163.66123962402344
331,1757,0,163.6826171875
1363,82,0,163.89630126953125
1695,1410,0,164.21327209472656
1126,122,0,164.57217407226562
1087,62,0,164.94544982910156
1420,998,0,165.09088134765625
2250,942,0,165.1847381591797
1818,998,0,165.30274963378906
2267,1945,0,165.6834259033203
2360,1394,0,165.8101348876953
1418,411,0,166.3460235595703
1761,867,0,167.296142578125
2475,1485,0,169.5995330810547
1906,112,0,170.04705810546875
1022,7,0,170.1146697998047
1824,1295,0,170.20281982421875
1609,1398,0,171.56048583984375
731,491,0,172.2643280029297
608,867,0,172.8004608154297
86,1757,0,173.83900451660156
448,1571,0,174.04884338378906
1245,242,0,174.1665802001953
746,182,0,175.55911254882812
2221,948,0,175.58758544921875
354,63,0,175.86358642578125
1118,93,0,176.5332794189453
2482,1494,0,176.59275817871094
2162,1628,0,177.3696746826172
1733,743,0,177.45985412597656
1048,22,0,177.65133666992188
1917,904,0,178.14881896972656
2415,1139,0,178.29750061035156
1293,552,0,178.7036590576172
652,858,0,179.30978393554688
1292,551,0,179.76095581054688
1047,9,0,180.06387329101562
1029,14,0,181.22085571289062
848,148,0,182.07415771484375
592,1757,0,182.258056640625
1399,491,0,182.36227416992188
1606,1442,0,182.3814697265625
696,1149,0,183.74166870117188
375,1754,0,184.14939880371094
489,1576,0,184.27154541015625
1847,1056,0,184.41529846191406
1944,942,0,184.5074462890625
369,992,0,185.08106994628906
1250,346,0,185.5370635986328
2196,1178,0,185.86285400390625
1169,168,0,185.997314453125
1835,1422,0,186.5717010498047
1155,1698,0,186.97593688964844
1710,713,0,187.9707489013672
2248,1246,0,188.279052734375
2439,568,0,190.14730834960938
105,1619,0,190.42059326171875
480,1041,0,190.64364624023438
435,1270,0,191.19622802734375
2264,934,0,191.19622802734375
1602,1111,0,192.2992401123047
2383,238,0,192.530517578125
984,260,0,192.91189575195312
1003,227,0,193.0077667236328
1931,889,0,193.132080078125
1666,644,0,193.55360412597656
1188,189,0,194.16744995117188
2400,867,0,194.7100372314453
1678,658,0,195.703857421875
619,1590,0,196.97462463378906
2034,1398,0,197.0558319091797
1808,812,0,197.08880615234375
1811,1391,0,197.59808349609375
1578,569,0,197.70433044433594
627,1698,0,198.07826232910156
2310,852,0,198.21705627441406
815,795,0,199.09043884277344
1961,1234,0,199.3539581298828
1207,1810,0,200.04998779296875
953,858,0,200.2098846435547
1653,1541,0,200.611572265625
1945,964,0,200.67636108398438
175,1408,0,201.60108947753906
597,1702,0,202.10888671875
336,1489,0,202.1979217529297
2259,1293,0,202.29681396484375
2133,1092,0,202.8028564453125
2309,856,0,203.60009765625
443,1202,0,203.87741088867188
1968,1233,0,203.9583282470703
884,1781,0,204.49205017089844
1567,553,0,205.13897705078125
1127,1781,0,205.45802307128906
946,396,0,205.46775817871094
1098,1022,0,207.31858825683594
651,1755,0,207.8100128173828
2425,1896,0,208.14418029785156
1943,939,0,208.59291076660156
1381,1410,0,208.66720581054688
2370,1150,0,208.8827362060547
1547,494,0,210.02142333984375
2338,1342,0,210.51365661621094
161,1488,0,211.2723388671875
1073,604,0,213.44085693359375
757,1149,0,213.78961181640625
1051,32,0,214.1658172607422
1427,177,0,214.3011932373047
453,1036,0,214.49009704589844
1264,1411,0,214.8650665283203
612,1937,0,215.0465087890625
1681,656,0,215.41123962402344
444,830,0,215.92591857910156
490,1410,0,216.65640258789062
1638,568,0,216.71409606933594
952,1331,0,217.46034240722656
1967,942,0,217.66488647460938
616,1880,0,218.2613067626953
93,1798,0,218.3323211669922
2262,1271,0,218.4330596923828
422,1422,0,218.4811248779297
894,356,0,218.76014709472656
873,470,0,218.7989959716797
1128,371,0,219.17800903320312
806,1524,0,219.55636596679688
372,445,0,219.61329650878906
931,148,0,220.35426330566406
1288,346,0,220.6195831298828
35,93,0,220.7804412841797
1102,492,0,221.4429931640625
358,159,0,222.10133361816406
123,1282,0,222.19586181640625
1023,1953,0,222.20486450195312
1419,1441,0,222.54437255859375
573,375,0,222.65219116210938
695,776,0,222.65443420410156
1106,525,0,222.8227996826172
1107,218,0,223.14120483398438
2255,964,0,223.57772827148438
1779,1795,0,224.8177032470703
1756,316,0,225.12440490722656
1790,1620,0,225.5482177734375
642,445,0,226.48399353027344
1819,848,0,226.69583129882812
1471,228,0,226.7090606689453
615,1577,0,227.09469604492188
1775,804,0,227.1563262939453
1584,1949,0,228.01754760742188
1056,35,0,228.02850341796875
990,895,0,228.29586791992188
589,378,0,228.63726806640625
6,1571,0,228.6656951904297
1472,455,0,228.6897430419922
1867,243,0,228.7618865966797
949,1331,0,229.11351013183594
2462,1467,0,229.34471130371094
579,1016,0,229.4253692626953
1212,885,0,229.92172241210938
572,1755,0,230.21295166015625
59,1264,0,231.538330078125
64,1890,0,231.607421875
1416,1292,0,231.8577117919922
950,1332,0,231.96981811523438
311,957,0,232.37684631347656
141,727,0,232.61985778808594
2354,1572,0,232.673583984375
1184,395,0,232.78746032714844
1043,8,0,233.04934692382812
2390,614,0,233.1587371826172
2278,1280,0,233.48233032226562
697,1260,0,233.4866180419922
463,706,0,233.5208740234375
1000,458,0,233.64288330078125
668,227,0,233.86962890625
421,711,0,234.1068115234375
310,423,0,235.41665649414062
1175,1619,0,235.5249481201172
2461,1666,0,235.6883544921875
1232,92,0,235.71380615234375
2204,1047,0,235.773193359375
2120,1794,0,235.9194793701172
1259,278,0,235.98304748535156
204,378,0,236.01695251464844
2363,1029,0,236.1122589111328
860,683,0,236.3514404296875
1907,1335,0,236.71713256835938
1910,487,0,237.2340545654297
488,345,0,237.27410888671875
1493,480,0,237.43209838867188
2471,998,0,237.46368408203125
2466,1845,0,238.03150939941406
486,378,0,238.15330505371094
302,588,0,238.49317932128906
1165,1687,0,238.54139709472656
1729,725,0,238.6315155029297
742,858,0,238.7488250732422
437,836,0,239.0522918701172
2485,1566,0,239.2530059814453
387,727,0,239.53079223632812
891,1571,0,239.910400390625
1976,558,0,240.0999755859375
1984,1221,0,240.21656799316406
1713,723,0,240.22906494140625
2444,1602,0,240.33934020996094
297,245,0,240.76336669921875
1732,406,0,240.87548828125
1600,598,0,240.896240234375
820,727,0,240.9730224609375
1070,1775,0,241.29856872558594
1306,285,0,241.31100463867188
940,411,0,241.45599365234375
39,1917,0,241.47669982910156
780,780,0,241.84498596191406
1881,1016,0,242.5407257080078
2276,1921,0,243.0555419921875
2227,930,0,243.12753295898438
2343,134,0,243.5384979248047
158,614,0,243.95082092285156
1084,75,0,244.21302795410156
2115,465,0,244.87139892578125
472,1489,0,244.95306396484375
1673,671,0,245.33038330078125
1985,976,0,245.46485900878906
2121,1830,0,245.4750518798828
994,1477,0,246.467041015625
445,1917,0,246.47109985351562
402,679,0,246.493408203125
1908,895,0,246.5441131591797
1333,354,0,246.5704803466797
262,1254,0,246.81369018554688
733,1838,0,246.92306518554688
872,603,0,247.09715270996094
604,915,0,247.0991668701172
1231,195,0,247.29739379882812
1701,714,0,247.3277130126953
843,917,0,247.4914093017578
738,1700,0,247.5035400390625
628,196,0,247.51161193847656
734,773,0,247.5540313720703
1052,13,0,247.6085662841797
630,647,0,247.79225158691406
893,1555,0,247.92135620117188
2033,1007,0,248.4129638671875
626,1316,0,248.68453979492188
991,424,0,249.08633422851562
1843,829,0,249.2388458251953
455,1343,0,249.59767150878906
902,1159,0,249.76588439941406
903,1104,0,249.7999267578125
505,382,0,249.91598510742188
2226,1354,0,250.0859832763672
1367,1315,0,251.3404083251953
649,585,0,251.92459106445312
904,196,0,251.9563446044922
2205,535,0,252.1804962158203
213,1571,0,252.72911071777344
1423,1623,0,252.7370147705078
1594,571,0,252.76669311523438
451,1767,0,253.2429656982422
462,763,0,253.3831024169922
1086,87,0,254.13185119628906
743,1004,0,254.26954650878906
1009,6,0,254.59182739257812
1537,1647,0,254.71356201171875
2361,279,0,254.74693298339844
1251,668,0,254.92547607421875
973,773,0,255.28024291992188
1884,907,0,255.57972717285156
1827,177,0,256.9669189453125
778,402,0,257.2080993652344
1670,384,0,257.47039794921875
1004,1368,0,257.62762451171875
452,1536,0,257.72271728515625
690,349,0,257.7498779296875
681,1621,0,257.8003234863281
836,28,0,257.837158203125
406,1621,0,258.00970458984375
978,1005,0,258.1937255859375
78,378,0,258.2227783203125
1806,1196,0,258.5227355957031
1579,1082,0,258.57879638671875
661,96,0,258.6078186035156
2329,1334,0,258.6194152832031
436,1921,0,258.6368103027344
460,203,0,258.76824951171875
503,861,0,259.162109375
456,1921,0,259.3877258300781
1575,245,0,259.88458251953125
942,1564,0,260.1595764160156
1032,1276,0,260.63385009765625
713,735,0,260.74700927734375
980,943,0,260.7623291015625
1240,378,0,260.82177734375
1466,92,0,260.8984375
1625,828,0,260.9578552246094
1223,279,0,261.24127197265625
438,1422,0,261.38287353515625
759,761,0,261.4727478027344
750,794,0,261.49188232421875
31,1864,0,261.8167419433594
1018,7,0,261.8186340332031
1698,401,0,262.0973205566406
1378,349,0,262.3204040527344
304,1623,0,262.5814208984375
305,332,0,262.6138000488281
1085,862,0,262.9866943359375
1010,1481,0,263.2242431640625
1508,312,0,263.2660217285156
1726,458,0,263.2945251464844
937,682,0,263.7328186035156
809,1371,0,263.7631530761719
835,1589,0,263.9810485839844
253,1662,0,264.05682373046875
1565,1881,0,264.33502197265625
840,726,0,264.6336975097656
912,732,0,264.6771545410156
777,401,0,264.8716735839844
1364,1341,0,264.9207458496094
215,1149,0,265.17730712890625
1716,761,0,265.19427490234375
1095,1496,0,265.2658996582031
1241,401,0,265.3299865722656
1011,423,0,265.4449157714844
2072,1501,0,266.17474365234375
518,436,0,266.3249816894531
1802,1434,0,266.4620056152344
146,574,0,266.5501708984375
468,1227,0,266.6327209472656
804,326,0,266.9119567871094
122,410,0,267.1965637207031
819,917,0,267.39483642578125
698,864,0,267.60980224609375
1470,1179,0,267.656494140625
1483,294,0,267.7349548339844
18,2,0,267.9402770996094
762,186,0,268.0652770996094
493,983,0,268.0746154785156
261,1639,0,268.1753234863281
416,1571,0,268.5479431152344
2292,380,0,268.62054443359375
1025,1903,0,268.7712707519531
2455,135,0,268.82708740234375
1458,1541,0,269.14678955078125
934,992,0,269.1746520996094
2067,1752,0,269.54962158203125
407,706,0,269.6145324707031
1252,669,0,269.8758850097656
108,439,0,269.87774658203125
963,977,0,269.92962646484375
70,752,0,270.2332458496094
996,681,0,270.3608703613281
223,1880,0,270.3812255859375
245,682,0,270.4219055175781
621,1245,0,270.45147705078125
838,532,0,270.9409484863281
226,1387,0,270.99078369140625
1667,1941,0,271.0811767578125
868,171,0,271.1106872558594
1874,1046,0,271.3282165527344
1135,134,0,271.5971374511719
274,1738,0,271.9742736816406
388,215,0,272.0992431640625
1203,1657,0,272.2076416015625
68,526,0,272.2756042480469
1080,1500,0,272.3013000488281
1766,958,0,272.4995422363281
1006,1670,0,272.5032043457031
726,661,0,272.5325622558594
985,125,0,272.5692443847656
775,143,0,272.6022644042969
749,1917,0,272.64813232421875
1475,1759,0,272.87542724609375
712,736,0,273.0
65,1672,0,273.0311279296875
956,370,0,273.26727294921875
828,581,0,273.28009033203125
551,1953,0,273.2837219238281
217,1083,0,273.3203125
1895,842,0,273.47210693359375
741,121,0,273.6512451171875
162,222,0,273.79736328125
1557,1214,0,273.843017578125
892,459,0,273.9361267089844
1454,433,0,274.1295166015625
1854,1537,0,274.23529052734375
36,715,0,274.56512451171875
1548,682,0,274.6961975097656
45,246,0,274.79266357421875
999,654,0,274.7944641113281
30,337,0,275.1036071777344
933,1636,0,275.1490478515625
106,650,0,275.1526794433594
1665,1746,0,275.5303955078125
349,102,0,275.5721435546875
303,423,0,275.6646423339844
2468,1872,0,275.7498779296875
461,762,0,275.9692077636719
1396,1197,0,276.0887451171875
1413,1433,0,276.1104736328125
1400,1923,0,276.28790283203125
214,423,0,276.3349304199219
8,1675,0,276.88446044921875
464,1482,0,277.18585205078125
776,1822,0,277.27423095703125
107,651,0,277.4346618652344
637,1829,0,277.5788269042969
882,1619,0,277.6040344238281
2289,1245,0,277.6058349609375
926,797,0,277.6220397949219
1154,196,0,277.7732849121094
2184,628,0,278.1654052734375
2291,136,0,278.1923828125
702,462,0,278.2642517089844
49,429,0,278.3846130371094
2464,1472,0,278.7400207519531
469,1367,0,278.7669372558594
1880,1759,0,278.8978271484375
91,345,0,279.53533935546875
1386,1293,0,279.6533508300781
1201,535,0,279.89642333984375
117,441,0,280.0892639160156
1017,182,0,280.2142028808594
431,1571,0,280.34979248046875
1605,1122,0,280.5405578613281
932,821,0,280.7400817871094
485,1894,0,280.93414306640625
829,580,0,280.9377136230469
403,1588,0,281.0160217285156
924,1649,0,281.1174011230469
497,1762,0,281.765869140625
1267,259,0,281.939697265625
351,1670,0,282.0265808105469
267,245,0,282.7720031738281
506,284,0,282.77728271484375
1192,726,0,283.08831787109375
771,799,0,283.1625061035156
1007,449,0,283.2913818359375
699,365,0,283.32666015625
193,1807,0,283.5542297363281
229,557,0,283.5841979980469
2198,1912,0,283.9471740722656
1426,843,0,283.96832275390625
558,1915,0,283.9929504394531
2340,1315,0,284.401123046875
1631,618,0,285.0859375
404,1588,0,285.13507080078125
1903,1816,0,285.2735595703125
1724,1610,0,285.298095703125
914,253,0,285.31561279296875
7,121,0,285.36468505859375
632,186,0,285.5363464355469
531,340,0,285.88983154296875
735,276,0,286.076904296875
811,711,0,286.10662841796875
929,1791,0,286.143310546875
936,939,0,286.3878479003906
1467,1510,0,286.485595703125
382,961,0,286.52923583984375
1352,301,0,286.64263916015625
913,153,0,286.66357421875
434,1510,0,286.8588562011719
391,511,0,287.06793212890625
886,420,0,287.0975341796875
1030,1268,0,287.27337646484375
1432,419,0,287.5187072753906
21,652,0,287.55694580078125
299,1693,0,287.5760803222656
663,365,0,287.6177978515625
2382,1491,0,287.638671875
1395,1198,0,287.7220764160156
195,25,0,287.8992919921875
1644,548,0,287.9600524902344
159,1574,0,288.0260314941406
237,581,0,288.1284484863281
581,1672,0,288.3886413574219
787,266,0,288.48223876953125
1741,1224,0,289.292236328125
643,284,0,289.635986328125
797,446,0,289.6567077636719
915,976,0,289.69122314453125
995,218,0,289.7447204589844
413,345,0,289.9672546386719
648,243,0,290.0586242675781
1270,1206,0,290.06378173828125
96,798,0,290.141357421875
918,1004,0,290.33428955078125
110,288,0,290.33599853515625
269,1060,0,290.49786376953125
361,429,0,290.8934631347656
622,1320,0,291.0412292480469
439,436,0,291.0893249511719
1383,499,0,291.2129821777344
2483,1711,0,291.28851318359375
15,943,0,291.60247802734375
1005,1105,0,291.6933288574219
540,802,0,291.8424377441406
908,321,0,291.86297607421875
1875,1276,0,291.9229431152344
244,574,0,291.9554748535156
774,141,0,292.02740478515625
2479,1486,0,292.0633544921875
340,699,0,292.3217468261719
29,501,0,292.4038391113281
881,303,0,292.64483642578125
83,206,0,292.85491943359375
211,436,0,292.8702697753906
1016,1937,0,292.8958740234375
1816,1122,0,293.71075439453125
2079,539,0,293.783935546875
635,588,0,293.9030456542969
691,682,0,293.9455871582031
1265,199,0,293.96258544921875
515,286,0,294.0323181152344
319,1880,0,294.314453125
1026,326,0,294.5487976074219
459,202,0,294.5657958984375
748,267,0,294.7677001953125
1529,752,0,294.82537841796875
414,1905,0,295.00677490234375
602,1890,0,295.1338806152344
1696,332,0,295.2829284667969
1149,987,0,295.30322265625
971,1481,0,295.3591003417969
1139,12,0,295.62982177734375
145,640,0,295.70086669921875
1216,329,0,295.71270751953125
496,120,0,295.7515869140625
177,299,0,295.785400390625
342,1273,0,295.829345703125
1958,960,0,295.85638427734375
1021,1273,0,295.8631591796875
559,1343,0,295.9408874511719
745,309,0,296.1334228515625
185,417,0,296.14691162109375
541,1925,0,296.3292236328125
1044,541,0,296.356201171875
1950,1004,0,296.646240234375
833,349,0,296.885498046875
591,1395,0,296.97979736328125
236,580,0,297.0824890136719
968,802,0,297.2911071777344
495,662,0,297.3247375488281
120,661,0,297.6373596191406
810,238,0,297.6558532714844
1559,359,0,297.6894226074219
89,1742,0,297.7448425292969
537,1459,0,297.9396057128906
1215,1765,0,298.0452880859375
667,1589,0,298.07550048828125
280,682,0,298.34375
51,1437,0,298.4744567871094
582,1515,0,298.70721435546875
1652,486,0,298.7256164550781
716,1572,0,298.7674560546875
1809,1371,0,299.25909423828125
813,1583,0,299.32257080078125
449,1939,0,299.50457763671875
259,579,0,299.5546569824219
2318,1308,0,299.71319580078125
895,834,0,299.844970703125
645,307,0,299.85162353515625
155,310,0,299.9116516113281
609,69,0,300.03167724609375
719,94,0,300.2565612792969
474,81,0,300.30816650390625
150,534,0,300.4796142578125
476,1623,0,300.6725769042969
614,640,0,300.7025146484375
568,1553,0,300.7906188964844
1760,622,0,300.837158203125
47,1634,0,300.8487854003906
634,199,0,301.0880126953125
603,148,0,301.234130859375
126,114,0,301.56756591796875
2025,633,0,301.5808410644531
494,663,0,301.7648010253906
2026,1232,0,301.7962951660156
2467,1901,0,301.8807678222656
2434,1742,0,301.9668884277344
831,463,0,301.9685363769531
194,730,0,301.97515869140625
533,42,0,302.0860900878906
1157,256,0,302.2978515625
760,909,0,302.32928466796875
92,1797,0,302.62353515625
1848,346,0,302.7540283203125
1469,202,0,302.82171630859375
679,1077,0,302.8250427246094
323,383,0,302.9372863769531
1914,721,0,302.9752502441406
1013,984,0,303.18475341796875
504,1416,0,303.3578796386719
272,147,0,303.4336853027344
961,297,0,303.4402770996094
268,1060,0,303.6000671386719
1611,1932,0,303.65936279296875
948,1304,0,303.7564697265625
689,204,0,303.8206787109375
620,645,0,303.8321838378906
992,207,0,304.118408203125
1278,1005,0,304.1266174316406
585,1567,0,304.2958984375
600,186,0,304.5422668457031
335,1061,0,304.6243591308594
680,116,0,304.7015075683594
547,326,0,304.7835388183594
1517,439,0,304.7917175292969
334,381,0,304.90655517578125
1734,696,0,304.92620849609375
1035,139,0,304.99017333984375
129,1459,0,304.9967346191406
707,828,0,305.04754638671875
362,654,0,305.2818298339844
348,1595,0,305.2949523925781
646,308,0,305.3047790527344
277,1276,0,305.4275817871094
1603,1239,0,305.42919921875
137,698,0,305.4341125488281
701,392,0,305.4783020019531
660,1909,0,305.51922607421875
386,1497,0,305.69757080078125
1111,114,0,305.71392822265625
517,579,0,305.7319030761719
1014,513,0,305.9183044433594
972,1347,0,305.9754943847656
1345,329,0,306.1551818847656
856,452,0,306.2041931152344
675,702,0,306.2890930175781
1938,1144,0,306.2956237792969
1425,1671,0,306.4261779785156
525,717,0,306.4392395019531
834,628,0,306.4506530761719
131,661,0,306.48492431640625
845,727,0,306.71649169921875
965,396,0,306.80450439453125
708,682,0,306.8582763671875
927,169,0,306.885986328125
650,1104,0,306.890869140625
128,23,0,307.01629638671875
1326,285,0,307.36785888671875
560,976,0,307.56787109375
1415,1145,0,307.6134033203125
692,423,0,307.6361389160156
1054,581,0,307.7060241699219
1316,1231,0,307.8116455078125
656,1245,0,307.84735107421875
842,703,0,307.9090881347656
1336,1453,0,307.9691467285156
694,1017,0,308.05194091796875
730,142,0,308.1168518066406
880,1119,0,308.142822265625
1685,712,0,308.3115234375
981,321,0,308.37152099609375
447,477,0,308.40557861328125
80,1072,0,308.5206604003906
484,1926,0,308.54010009765625
257,173,0,308.6243591308594
1328,608,0,308.6842956542969
1873,1764,0,308.7814636230469
101,581,0,308.79443359375
570,484,0,308.8737487792969
513,1670,0,308.9223327636719
943,658,0,308.930419921875
855,1747,0,308.99029541015625
798,1459,0,309.095458984375
2010,1881,0,309.2409973144531
1518,184,0,309.34124755859375
1068,121,0,309.4866638183594
876,1759,0,309.4931335449219
40,1171,0,309.6498107910156
633,437,0,309.68695068359375
114,480,0,309.7047119140625
2443,237,0,309.92901611328125
907,1160,0,310.0161437988281
2484,1553,0,310.01934814453125
711,143,0,310.0516052246094
583,1838,0,310.22894287109375
864,853,0,310.2789001464844
419,866,0,310.3063049316406
752,82,0,310.53985595703125
2004,539,0,310.6268005371094
1055,580,0,310.83758544921875
916,1361,0,310.85528564453125
1554,1456,0,310.8761901855469
826,1777,0,310.9179992675781
292,1465,0,311.0450134277344
928,1130,0,311.085205078125
287,1294,0,311.42413330078125
565,971,0,311.5541687011719
657,1866,0,311.6119384765625
779,1402,0,311.7386779785156
768,832,0,311.7691345214844
710,1775,0,311.81085205078125
2021,452,0,311.830078125
424,74,0,311.9535217285156
944,1702,0,311.9983825683594
1610,184,0,312.06890869140625
1012,3,0,312.13458251953125
405,361,0,312.20184326171875
1079,501,0,312.2370910644531
601,1880,0,312.2723083496094
37,1421,0,312.79547119140625
247,1158,0,312.91851806640625
1585,1767,0,313.14215087890625
1877,1903,0,313.2379150390625
1473,510,0,313.3193359375
90,1880,0,313.45654296875
686,456,0,313.47088623046875
345,957,0,313.49163818359375
2037,169,0,313.4996032714844
647,266,0,313.5570068359375
227,1544,0,313.7483215332031
156,127,0,313.76104736328125
1161,708,0,313.9315185546875
151,1468,0,313.9538269042969
163,1835,0,314.003173828125
1150,739,0,314.0987243652344
1069,1017,0,314.2005615234375
854,1746,0,314.2435302734375
43,1720,0,314.3008117675781
154,456,0,314.4296569824219
552,1091,0,314.4471435546875
232,1422,0,314.49005126953125
1062,1853,0,314.73480224609375
63,768,0,314.801513671875
370,1162,0,314.8364562988281
2260,1644,0,314.9063415527344
1959,961,0,315.0682373046875
564,84,0,315.2364196777344
457,1759,0,315.2427673339844
666,703,0,315.2522888183594
233,390,0,315.3125305175781
44,971,0,315.372802734375
724,180,0,315.4884948730469
959,847,0,315.51544189453125
2294,223,0,315.5550537109375
48,179,0,315.6881408691406
514,391,0,315.9414367675781
670,1060,0,316.1075744628906
479,185,0,316.1866455078125
859,1881,0,316.1961364746094
673,1092,0,316.2182922363281
2030,1103,0,316.2182922363281
102,299,0,316.2799377441406
714,536,0,316.6891174316406
761,1466,0,316.8611755371094
688,1686,0,316.9384765625
577,1017,0,316.9463806152344
430,94,0,317.244384765625
363,752,0,317.45709228515625
957,69,0,317.6539001464844
687,1458,0,317.9103698730469
2087,732,0,318.03302001953125
1082,1885,0,318.11004638671875
623,986,0,318.2734680175781
983,1817,0,318.3017578125
234,832,0,318.3284606933594
384,161,0,318.4650573730469
139,716,0,318.4744873046875
1268,690,0,318.54827880859375
112,1068,0,318.6753845214844
844,555,0,318.7585144042969
360,567,0,318.8055725097656
209,1847,0,318.9592590332031
166,1877,0,318.9921569824219
1939,1235,0,319.0752258300781
196,231,0,319.09246826171875
2039,1916,0,319.1661071777344
905,481,0,319.2303161621094
571,393,0,319.3947448730469
580,547,0,319.4385681152344
770,439,0,319.60443115234375
807,1438,0,319.6904602050781
442,456,0,319.7577209472656
329,342,0,319.8921813964844
109,843,0,319.9437561035156
536,118,0,319.98748779296875
279,110,0,320.0453186035156
458,1760,0,320.0874938964844
243,1402,0,320.1780700683594
450,197,0,320.3763427734375
1988,903,0,320.3810119628906
224,1697,0,320.41693115234375
189,207,0,320.4387512207031
1545,638,0,320.4840087890625
640,129,0,320.59320068359375
368,1636,0,320.6025695800781
2429,299,0,320.7008056640625
1390,255,0,320.7460021972656
2175,1333,0,320.8348388671875
483,1160,0,320.8628845214844
594,768,0,320.9096374511719
576,728,0,320.91119384765625
590,994,0,320.9610595703125
427,304,0,320.9719543457031
174,909,0,320.9781799316406
281,86,0,321.0513916015625
920,415,0,321.09967041015625
446,241,0,321.11212158203125
142,450,0,321.13238525390625
79,1091,0,321.2086486816406
42,347,0,321.2304382324219
672,1092,0,321.2911376953125
371,332,0,321.3674011230469
865,854,0,321.401611328125
1131,382,0,321.4280700683594
2242,1012,0,321.4544982910156
1481,519,0,321.5167236328125
343,485,0,321.56182861328125
922,1319,0,322.0885009765625
788,1453,0,322.09625244140625
321,389,0,322.10711669921875
2057,1424,0,322.1366271972656
539,1908,0,322.1800842285156
2465,1473,0,322.34454345703125
289,1438,0,322.3988342285156
207,1426,0,322.57867431640625
271,1188,0,322.7243347167969
1277,1848,0,322.8513488769531
1183,1521,0,322.8622131347656
394,1738,0,322.8637390136719
555,485,0,322.9210510253906
317,541,0,323.09442138671875
492,1248,0,323.1717834472656
133,557,0,323.26922607421875
896,1786,0,323.3063659667969
218,1746,0,323.3713073730469
847,1890,0,323.3883056640625
149,703,0,323.5707092285156
1962,82,0,323.6000671386719
1617,730,0,323.8919677734375
1989,940,0,323.9259033203125
717,442,0,323.9274597167969
2092,1857,0,323.9305419921875
658,917,0,323.9830322265625
909,1004,0,324.12652587890625
2413,420,0,324.1697082519531
1243,262,0,324.1805114746094
1598,1438,0,324.1990051269531
962,41,0,324.41949462890625
1225,449,0,324.4718933105469
157,759,0,324.48883056640625
76,1748,0,324.5180969238281
205,1073,0,324.5612487792969
674,557,0,324.5997619628906
153,162,0,324.6444091796875
964,223,0,324.72296142578125
252,420,0,324.88922119140625
283,561,0,324.9830627441406
562,234,0,325.0122985839844
524,1672,0,325.015380859375
736,1700,0,325.02923583984375
220,147,0,325.2214660644531
1001,654,0,325.3628845214844
1860,882,0,325.387451171875
23,1468,0,325.3905334472656
219,527,0,325.4151306152344
879,1780,0,325.7514343261719
2312,962,0,325.8266296386719
1182,678,0,325.897216796875
328,131,0,325.9324951171875
530,251,0,326.0153503417969
1813,139,0,326.03375244140625
13,505,0,326.0414123535156
308,1268,0,326.1564025878906
753,1742,0,326.1640625
441,1831,0,326.2161865234375
1020,324,0,326.2161865234375
593,246,0,326.28973388671875
210,423,0,326.3433837890625
278,1379,0,326.5287170410156
662,379,0,326.55474853515625
2428,1686,0,326.7001647949219
751,346,0,326.8638916015625
566,1833,0,326.9892883300781
1861,883,0,327.0076599121094
923,521,0,327.029052734375
230,532,0,327.0458679199219
1015,334,0,327.06878662109375
423,1777,0,327.1207580566406
160,234,0,327.12689208984375
639,947,0,327.26287841796875
378,93,0,327.30413818359375
286,1834,0,327.3682861328125
1736,658,0,327.4095153808594
507,1296,0,327.4797668457031
705,262,0,327.53472900390625
169,482,0,327.55303955078125
739,1463,0,327.6537780761719
993,40,0,327.7590637207031
420,144,0,327.7987060546875
99,185,0,327.9130859375
356,287,0,327.919189453125
57,957,0,327.93902587890625
385,1453,0,327.9679870605469
737,153,0,328.0320129394531
1024,1739,0,328.0472412109375
22,365,0,328.05029296875
144,103,0,328.0975341796875
611,111,0,328.1920166015625
1588,855,0,328.2468566894531
1865,748,0,328.26513671875
115,1759,0,328.291015625
1700,716,0,328.39459228515625
800,269,0,328.4585266113281
347,95,0,328.4844055175781
588,439,0,328.58941650390625
1901,830,0,328.7202453613281
720,966,0,328.7232971191406
2345,873,0,328.7354431152344
242,367,0,328.7400207519531
2070,12,0,328.74456787109375
832,464,0,328.8327941894531
1404,290,0,328.83734130859375
685,144,0,328.9422302246094
765,903,0,328.9468078613281
432,1621,0,328.9787292480469
557,69,0,328.9969482421875
10,557,0,329.041015625
373,69,0,329.101806640625
782,1371,0,329.1063537597656
740,1054,0,329.2825622558594
969,1144,0,329.475341796875
1574,1737,0,329.5679016113281
802,111,0,329.6771240234375
1189,1418,0,329.846923828125
955,65,0,329.9712219238281
846,162,0,330.0257568359375
2186,1077,0,330.09088134765625
1163,1359,0,330.0924072265625
2477,477,0,330.1211853027344
869,1366,0,330.1484375
2074,1790,0,330.1636047363281
1305,303,0,330.1696472167969
512,1936,0,330.25445556640625
532,634,0,330.26806640625
429,1465,0,330.290771484375
1382,698,0,330.38916015625
1072,1672,0,330.41339111328125
28,1512,0,330.4239807128906
519,1385,0,330.4920654296875
1319,305,0,330.5086975097656
2027,173,0,330.65692138671875
471,345,0,330.6992492675781
545,698,0,330.76123046875
1552,309,0,330.7718200683594
191,1304,0,330.7778625488281
2450,120,0,330.8232116699219
87,1432,0,330.8927307128906
58,458,0,330.9637451171875
316,1807,0,331.09967041015625
1113,1831,0,331.09967041015625
1156,571,0,331.1993408203125
1595,584,0,331.24462890625
897,1817,0,331.28387451171875
20,23,0,331.3940124511719
499,1724,0,331.4060974121094
1,1951,0,331.41815185546875
197,199,0,331.51019287109375
322,1567,0,331.54034423828125
567,1031,0,331.641357421875
574,123,0,331.6624755859375
475,1912,0,331.867431640625
258,461,0,331.8840026855469
827,25,0,331.8945617675781
222,139,0,331.94427490234375
121,250,0,332.06475830078125
561,35,0,332.12347412109375
729,1062,0,332.2182922363281
598,158,0,332.25592041015625
2091,304,0,332.2724914550781
147,214,0,332.3221435546875
653,303,0,332.3221435546875
921,285,0,332.3417053222656
364,332,0,332.4891052246094
625,391,0,332.5131530761719
124,1336,0,332.65447998046875
1904,374,0,332.9023742675781
2022,540,0,332.9549560546875
380,806,0,332.9639587402344
607,336,0,332.99700927734375
338,1364,0,333.10809326171875
2440,1768,0,333.111083984375
911,1352,0,333.1200866699219
1674,452,0,333.18914794921875
790,22,0,333.2971496582031
82,688,0,333.6929626464844
945,332,0,333.7109680175781
861,14,0,333.8367919921875
1569,768,0,333.85626220703125
38,1437,0,333.8712463378906
374,546,0,333.87872314453125
772,345,0,333.898193359375
16,1404,0,333.9865417480469
176,534,0,334.0583801269531
1136,56,0,334.1017761230469
803,730,0,334.15264892578125
103,961,0,334.1900634765625
1132,854,0,334.2528991699219
285,191,0,334.2678527832031
1963,957,0,334.4203796386719
875,13,0,334.47869873046875
2335,700,0,334.5071105957031
346,1926,0,334.5683898925781
723,139,0,334.729736328125
1008,439,0,334.729736328125
273,111,0,334.8253173828125
135,255,0,334.84771728515625
94,1231,0,334.8760986328125
136,340,0,334.8910217285156
841,1340,0,334.9223937988281
1719,555,0,334.93731689453125
1260,1542,0,334.97760009765625
1144,1131,0,335.0447692871094
98,678,0,335.04925537109375
276,1840,0,335.0880432128906
26,827,0,335.0984802246094
1429,113,0,335.1343078613281
684,297,0,335.1417541503906
377,866,0,335.27154541015625
350,1069,0,335.38037109375
1180,197,0,335.4295654296875
212,203,0,335.5383605957031
192,439,0,335.6083984375
812,99,0,335.7156677246094
979,111,0,335.7618103027344
824,298,0,335.82733154296875
298,368,0,335.86456298828125
130,1582,0,335.8928527832031
333,317,0,336.02679443359375
1160,521,0,336.0699462890625
703,534,0,336.0729064941406
33,544,0,336.32720947265625
125,1086,0,336.3302001953125
1915,1366,0,336.3584289550781
613,368,0,336.4342346191406
34,331,0,336.4550476074219
516,288,0,336.5976867675781
773,889,0,336.6407470703125
288,43,0,336.66156005859375
365,367,0,336.6749267578125
877,12,0,336.82635498046875
808,812,0,336.829345703125
164,409,0,336.8827819824219
332,1421,0,336.92431640625
467,117,0,337.02520751953125
825,40,0,337.1690979003906
938,1366,0,337.2476806640625
67,1047,0,337.2847595214844
1814,1453,0,337.3173522949219
481,527,0,337.3292236328125
818,1885,0,337.381103515625
1555,199,0,337.54852294921875
2041,808,0,337.56036376953125
19,1424,0,337.71142578125
300,389,0,337.96893310546875
77,288,0,338.025146484375
1980,1563,0,338.1641540527344
939,1199,0,338.1833801269531
74,86,0,338.1907653808594
246,367,0,338.21295166015625
954,145,0,338.2499084472656
62,1359,0,338.2986755371094
466,69,0,338.39324951171875
678,587,0,338.4169006347656
700,1351,0,338.4700927734375
465,213,0,338.47747802734375
767,995,0,338.515869140625
32,562,0,338.6074523925781
1887,44,0,338.7093200683594
27,9,0,338.7270202636719
397,1866,0,338.8421325683594
887,515,0,338.8421325683594
412,353,0,338.8465881347656
982,514,0,338.8760986328125
500,1543,0,338.9527893066406
747,1672,0,338.99261474609375
95,773,0,339.0044250488281
783,1385,0,339.1312561035156
925,387,0,339.30810546875
2449,213,0,339.4127197265625
669,1759,0,339.4627990722656
523,856,0,339.4966735839844
866,1331,0,339.5276184082031
173,676,0,339.5452880859375
599,682,0,339.60565185546875
796,98,0,339.75726318359375
2187,897,0,339.81024169921875
1235,1197,0,339.9088134765625
337,1364,0,340.0382385253906
502,249,0,340.21759033203125
312,1911,0,340.2322692871094
569,31,0,340.2396240234375
1623,885,0,340.2704772949219
180,996,0,340.3277893066406
315,482,0,340.3483581542969
53,694,0,340.38800048828125
341,1348,0,340.5363464355469
781,1387,0,340.6831359863281
1913,1093,0,340.6860656738281
256,505,0,340.7433166503906
584,593,0,340.7491760253906
1346,1635,0,340.77410888671875
379,673,0,340.812255859375
1615,1645,0,341.1114196777344
989,715,0,341.1363220214844
1357,931,0,341.1920166015625
313,72,0,341.3106994628906
1317,1126,0,341.5260009765625
2336,378,0,341.5406188964844
1601,536,0,341.5713806152344
97,425,0,341.6387023925781
1037,1894,0,341.6650390625
482,1502,0,341.72943115234375
440,1830,0,341.7703857421875
888,959,0,341.7703857421875
1307,15,0,341.7777099609375
1276,768,0,341.81719970703125
538,261,0,341.853759765625
2408,531,0,341.9765930175781
84,1143,0,341.99560546875
216,550,0,342.0
318,191,0,342.2250671386719
898,420,0,342.23382568359375
200,953,0,342.2703552246094
240,1117,0,342.41058349609375
1119,410,0,342.4499816894531
823,1936,0,342.4689636230469
867,214,0,342.6368408203125
24,298,0,342.71563720703125
487,1737,0,342.725830078125
165,1691,0,342.89501953125
2419,397,0,342.90814208984375
282,99,0,343.0262451171875
947,165,0,343.11077880859375
853,111,0,343.2113037109375
941,161,0,343.2375183105469
1484,714,0,343.2550048828125
2024,1492,0,343.2826843261719
408,327,0,343.39190673828125
624,236,0,343.4253845214844
2160,186,0,343.58551025390625
66,631,0,343.700439453125
1410,1506,0,343.79498291015625
727,486,0,343.9084167480469
722,116,0,343.9186096191406
203,843,0,343.97674560546875
2151,745,0,344.0639343261719
919,107,0,344.0726623535156
890,1201,0,344.0799255371094
85,179,0,344.0959167480469
1902,1171,0,344.10028076171875
822,517,0,344.151123046875
190,1096,0,344.209228515625
795,99,0,344.2411804199219
682,90,0,344.3515625
111,213,0,344.377685546875
2185,731,0,344.3936767578125
721,1298,0,344.408203125
793,191,0,344.4314270019531
116,1770,0,344.4836730957031
409,1366,0,344.6447448730469
554,299,0,344.65924072265625
906,306,0,344.788330078125
2410,463,0,344.9275207519531
221,583,0,345.0188293457031
239,245,0,345.07244873046875
2038,429,0,345.28973388671875
683,1077,0,345.38385009765625
198,213,0,345.5285949707031
9,437,0,345.6211853027344
901,306,0,345.6341857910156
167,588,0,345.72821044921875
314,544,0,345.8973693847656
529,546,0,345.9609680175781
508,250,0,346.0028991699219
509,1197,0,346.09393310546875
2301,618,0,346.23980712890625
1765,979,0,346.2499084472656
201,1768,0,346.38995361328125
709,417,0,346.426025390625
104,934,0,346.5054016113281
671,612,0,346.5054016113281
1303,632,0,346.5068664550781
638,434,0,346.7347717285156
874,110,0,346.805419921875
2398,132,0,346.8717346191406
556,390,0,346.896240234375
548,274,0,346.90057373046875
275,1453,0,346.926513671875
366,463,0,347.0173034667969
2002,458,0,347.0461120605469
850,303,0,347.0893249511719
264,721,0,347.11956787109375
766,1711,0,347.1512756347656
1482,263,0,347.1541442871094
186,77,0,347.1613464355469
617,1762,0,347.1800537109375
857,1728,0,347.32550048828125
134,139,0,347.4003601074219
1675,1748,0,347.4277038574219
183,124,0,347.5312805175781
665,589,0,347.55718994140625
1308,531,0,347.6650695800781
704,162,0,347.8332824707031
543,667,0,347.85772705078125
454,86,0,347.9180908203125
586,396,0,348.03448486328125
676,114,0,348.0387878417969
791,505,0,348.1766662597656
170,161,0,348.234130859375
231,1846,0,348.3001708984375
41,36,0,348.3159484863281
1325,583,0,348.6273193359375
255,677,0,348.7276916503906
785,158,0,348.790771484375
595,1347,0,348.9054260253906
60,1358,0,349.171875
693,1583,0,349.3078918457031
1242,1799,0,349.36083984375
870,1174,0,349.39520263671875
238,446,0,349.4839172363281
596,922,0,349.66412353515625
119,1684,0,349.7713623046875
248,1643,0,349.8070983886719
1407,184,0,349.82568359375
1925,884,0,350.105712890625
1094,1062,0,350.218505859375
976,285,0,350.22991943359375
935,490,0,350.2470703125
786,645,0,350.3155822753906
182,306,0,350.43115234375
12,1457,0,350.56524658203125
376,390,0,350.58807373046875
181,517,0,350.6023254394531
1255,368,0,350.6878967285156
522,1583,0,350.7805480957031
306,600,0,350.8276062011719
794,72,0,350.8361511230469
889,933,0,350.8774719238281
381,1155,0,350.9316101074219
563,382,0,350.9886169433594
410,69,0,351.12249755859375
1038,1903,0,351.2264099121094
987,698,0,351.31610107421875
478,256,0,351.3274841308594
764,410,0,351.48968505859375
715,544,0,351.49822998046875
839,550,0,351.5408935546875
352,1944,0,351.5977783203125
309,1289,0,351.6958923339844
769,139,0,351.7470703125
265,1114,0,351.7754821777344
208,392,0,351.7982482910156
2035,12,0,351.8096008300781
930,98,0,351.8337707519531
171,661,0,352.0298156738281
1002,606,0,352.1817626953125
296,1067,0,352.2896423339844
1205,393,0,352.3577575683594
353,304,0,352.5138244628906
2168,778,0,352.6485595703125
11,1682,0,352.6839904785156
491,1385,0,352.71661376953125
1246,1721,0,352.80731201171875
758,583,0,352.98724365234375
2241,1433,0,353.0
294,554,0,353.1005554199219
17,1495,0,353.106201171875
578,208,0,353.1175537109375
744,59,0,353.1246337890625
118,118,0,353.1444396972656
1036,395,0,353.17559814453125
2065,712,0,353.5519714355469
344,351,0,353.57318115234375
72,23,0,353.64105224609375
2417,1870,0,353.646728515625
553,362,0,353.8417663574219
520,1231,0,353.9152526855469
817,631,0,354.12286376953125
1213,1438,0,354.2188720703125
470,253,0,354.3430480957031
975,1913,0,354.420654296875
132,714,0,354.42205810546875
629,37,0,354.534912109375
307,344,0,354.5433654785156
1028,645,0,354.6082458496094
805,854,0,354.7012939453125
664,1583,0,354.87884521484375
900,730,0,354.895751953125
383,606,0,355.0084533691406
917,47,0,355.04083251953125
2297,1407,0,355.25341796875
549,600,0,355.3519287109375
327,229,0,355.834228515625
814,1013,0,355.9002685546875
152,266,0,355.99298095703125
1499,550,0,356.0393371582031
542,32,0,356.0786437988281
631,298,0,356.0786437988281
54,1829,0,356.1418151855469
14,524,0,356.2148132324219
359,742,0,356.3341064453125
966,524,0,356.42669677734375
1152,490,0,356.7267761230469
251,420,0,356.7337951660156
1642,687,0,356.7380065917969
837,1918,0,356.8010559082031
266,186,0,357.1456298828125
2,139,0,357.3947448730469
2409,367,0,357.4450988769531
400,481,0,357.456298828125
428,266,0,357.4800720214844
168,481,0,357.5444030761719
1375,1366,0,357.57098388671875
2172,1847,0,357.6213073730469
1206,1685,0,357.631103515625
263,1127,0,357.6478576660156
1147,1857,0,357.7079772949219
967,41,0,357.74713134765625
392,1583,0,357.8016357421875
293,362,0,357.8952331542969
295,97,0,357.9832458496094
199,207,0,358.0642395019531
1041,166,0,358.1452331542969
1376,1366,0,358.690673828125
415,1438,0,358.7394714355469
951,1582,0,358.9665832519531
81,114,0,358.9888610839844
521,1215,0,358.9888610839844
206,351,0,359.0543212890625
801,357,0,359.089111328125
1166,1540,0,359.1058349609375
148,449,0,359.1434326171875
326,870,0,359.257568359375
575,124,0,359.3174133300781
357,1635,0,359.3507995605469
784,520,0,359.4648742675781
75,199,0,359.8166198730469
610,1184,0,360.0305480957031
127,789,0,360.24853515625
398,1853,0,360.36370849609375
401,546,0,360.4732971191406
871,588,0,360.5745544433594
46,832,0,360.7048645019531
320,496,0,361.0069274902344
1093,1693,0,361.11077880859375
544,543,0,361.1315612792969
498,695,0,361.19525146484375
1979,1009,0,361.21185302734375
1829,1364,0,361.6794128417969
821,389,0,361.7886047363281
799,451,0,361.825927734375
250,618,0,361.8439025878906
789,490,0,361.9599304199219
977,119,0,362.1187744140625
411,530,0,362.1601867675781
899,944,0,362.16571044921875
140,99,0,362.2651062011719
756,430,0,362.3023681640625
644,527,0,362.4361877441406
1058,949,0,362.57275390625
958,141,0,362.59619140625
974,1155,0,362.623779296875
878,517,0,362.65411376953125
172,229,0,362.67340087890625
473,719,0,362.71337890625
654,524,0,362.73681640625
527,387,0,362.9366455078125
284,358,0,363.057861328125
355,427,0,363.1211853027344
534,288,0,363.1817626953125
3,398,0,363.3428039550781
706,139,0,363.617919921875
2293,1348,0,363.7210388183594
852,215,0,363.7237854003906
2149,267,0,363.77740478515625
324,416,0,363.9010925292969
858,543,0,364.076904296875
792,579,0,364.1318359375
510,1271,0,364.2869873046875
641,72,0,364.37481689453125
960,1159,0,364.4077453613281
2110,160,0,364.45849609375
52,361,0,364.8821716308594
1879,1711,0,364.9588928222656
883,110,0,364.9945068359375
71,109,0,365.439453125
988,1103,0,365.60498046875
100,434,0,365.7471923828125
113,966,0,365.7540283203125
202,173,0,365.7977600097656
732,691,0,365.81280517578125
241,392,0,365.91802978515625
550,1402,0,366.2635803222656
763,39,0,366.3850402832031
339,133,0,366.52557373046875
301,141,0,366.735595703125
260,389,0,367.093994140625
249,213,0,367.1879577636719
718,1556,0,367.190673828125
396,762,0,367.251953125
1677,58,0,367.4615478515625
851,1433,0,367.4914855957031
69,463,0,367.6723937988281
433,1499,0,367.8586730957031
0,658,0,368.0421142578125
546,1613,0,368.258056640625
2230,1465,0,368.4643859863281
325,306,0,368.6298828125
188,85,0,368.6407470703125
426,1521,0,368.9281921386719
73,350,0,369.3372497558594
677,1472,0,369.6890563964844
254,527,0,369.8553771972656
330,1696,0,370.078369140625
1846,108,0,370.36199951171875
755,86,0,370.5482482910156
50,476,0,370.7195739746094
88,1426,0,370.79510498046875
1553,554,0,370.8476867675781
863,358,0,370.9029541015625
501,756,0,370.98382568359375
56,46,0,371.2061462402344
725,269,0,371.69610595703125
1027,236,0,371.7149353027344
138,593,0,372.30096435546875
970,1446,0,372.36810302734375
1033,1834,0,372.42852783203125
754,481,0,372.6325378417969
61,596,0,372.96783447265625
526,52,0,373.10455322265625
655,95,0,373.1701965332031
1883,1387,0,373.6629638671875
910,1404,0,373.8515625
55,800,0,374.04278564453125
389,849,0,374.4703063964844
1193,861,0,375.2132873535156
477,289,0,375.2212829589844
830,427,0,375.46905517578125
179,140,0,375.48101806640625
25,490,0,375.6634216308594
184,1952,0,375.81378173828125
997,577,0,376.4106750488281
1019,235,0,377.0278625488281
187,175,0,377.3287658691406
235,412,0,377.72344970703125
228,718,0,378.06878662109375
618,1582,0,378.10845947265625
395,881,0,378.44683837890625
606,109,0,379.398193359375
5,77,0,379.72357177734375
728,658,0,379.86444091796875
511,99,0,380.8254089355469
178,258,0,381.5625915527344
2456,1737,0,381.71063232421875
1676,476,0,381.97906494140625
2173,944,0,381.9908447265625
862,357,0,382.2826232910156
270,847,0,382.8877258300781
2305,658,0,383.1200866699219
636,362,0,384.0520935058594
291,550,0,384.1796569824219
225,1437,0,385.30767822265625
528,389,0,385.4659423828125
986,85,0,385.5295104980469
1269,572,0,385.69287109375
587,307,0,385.7706604003906
390,1721,0,385.9766845703125
1998,565,0,386.016845703125
605,258,0,386.4078063964844
885,856,0,387.437744140625
1233,1058,0,387.6880187988281
4,188,0,388.2885437011719
1167,1870,0,388.43017578125
1327,347,0,389.0989685058594
393,832,0,391.12530517578125
290,1182,0,391.2032775878906
2014,344,0,391.84051513671875
1050,665,0,392.17852783203125
535,912,0,395.0443115234375
1034,1835,0,395.6147155761719
1994,111,0,395.8269958496094
2148,711,0,396.5816345214844
425,110,0,400.4959411621094
1890,799,0,423.9575500488281
